9 3378
8 7142
7 54
6 6371
5 8241
4 3035
3 6290
2 9954
1 7775
0 790
9 367
8 4638
7 9248
9 7871
5 1928
6 3350
8 8676
4 6828
3 3034
2 2162
7 1202
1 7208
7 7413
0 5034
9 7702
1 8833
5 3040
7 6057
0 721
6 982
0 65
8 6430
8 4993
9 1862
4 9622
3 1790
1 8007
9 2981
8 7833
1 9853
9 9075
2 4160
5 3067
2 8276
9 5567
9 8970
7 2488
4 8779
9 8032
6 5802
3 8514
0 7194
4 2874
9 6095
1 9257
8 3828
6 8512
7 4288
5 560
8 4062
3 2239
2 984
0 6442
8 56
2 8136
9 5465
4 6141
1 2990
3 8794
8 4785
3 373
6 6480
7 9772
5 2718
8 5657
2 8868
6 7682
9 2023
4 4306
0 9729
1 1266
6 2497
5 2583
8 6945
2 2098
9 183
8 7482
9 306
0 7523
9 8431
0 5395
3 4792
7 4372
2 4361
8 1289
4 1958
3 5051
1 9400
5 6131
6 2899
9 7411
6 9488
4 1315
0 1207
3 8447
6 6407
4 6582
0 4019
7 5751
2 2177
3 8953
1 800
8 8527
3 7264
1 4257
5 5814
6 1612
4 8463
8 2916
0 9969
8 7285
0 7465
9 8152
7 420
3 8064
0 6227
1 6889
6 613
5 6836
2 3955
4 5678
7 3141
4 1215
3 6419
7 7227
0 2556
4 4236
8 6799
1 886
6 6812
3 4860
9 6096
5 283
7 9278
3 2686
5 2186
3 8536
9 9446
5 1160
2 1024
0 4928
7 7840
4 661
8 6379
3 4551
2 9203
9 8621
1 4829
5 4520
6 1439
7 5803
0 2219
5 6337
1 6283
4 7454
8 4979
6 1768
0 4221
3 6011
2 1536
9 1407
9 3428
9 1737
7 70
4 4873
5 6790
4 3548
8 4712
1 2696
1 8743
9 8909
8 5917
7 2924
6 307
1 4935
0 1278
3 1320
2 7399
7 9603
4 2957
6 4965
5 237
1 8765
3 6156
6 3591
9 957
8 339
5 2139
1 5615
0 6571
0 9559
3 3769
7 1386
4 4016
2 4042
4 6542
3 5538
6 4402
2 260
3 7664
9 4757
7 8491
4 4761
2 7657
8 1860
6 9035
4 6382
5 4533
5 9495
1 4307
9 6415
4 641
3 4157
0 3302
7 1319
2 4902
6 3943
1 6325
8 5817
4 9100
3 9171
0 2632
5 1749
3 2074
9 7388
7 5808
6 7698
5 1931
1 5518
0 4486
2 4121
3 1873
9 2715
2 4715
8 6056
3 6685
2 5243
3 459
8 6928
9 2388
4 3171
8 1628
3 2256
6 9261
5 9673
7 3181
4 9705
1 5619
0 4014
2 9828
6 3797
1 8878
9 3295
8 658
4 1194
0 985
3 2880
5 758
7 3112
9 2235
9 1444
1 4627
8 2392
1 1156
6 8972
4 2895
8 2159
3 8045
2 19
3 2460
8 8773
0 2135
6 6657
1 539
7 7218
4 1155
3 1469
8 2137
5 8578
5 952
2 6041
2 4687
5 6394
9 9613
6 446
9 8899
1 4217
6 5346
9 8572
1 637
0 9342
8 6506
3 333
1 7237
9 8722
7 1584
6 6027
0 3403
4 3685
6 4915
0 8528
8 5874
2 1101
5 8175
3 9579
1 4782
9 4972
0 8363
7 4082
7 4821
2 1764
4 9582
4 5089
6 5356
3 8574
6 5258
4 8866
3 2801
1 9273
4 7910
8 7737
5 8171
9 3800
0 5620
6 1533
4 4499
6 369
3 5048
7 4251
2 5134
6 7842
3 9244
1 7353
0 6314
1 5331
0 7152
8 8581
6 2092
4 4784
5 4285
2 5423
0 6681
9 9791
8 9072
7 2320
6 7723
3 4400
9 7935
8 2152
1 9812
5 1758
5 3497
5 4134
2 5017
0 2351
7 7625
6 4396
5 2945
4 3851
2 9155
3 7758
3 4034
0 6870
3 536
1 9876
9 5487
8 6849
0 8140
6 7825
3 5741
7 5612
6 2919
5 6068
3 1046
4 4647
2 2295
1 7429
6 1804
9 281
3 9859
8 1423
4 1771
0 2570
2 4744
8 191
1 3836
2 5304
4 1893
0 5324
7 8036
8 7800
5 8011
6 4117
2 5574
1 9302
4 5300
3 3833
9 8561
0 1981
7 4275
5 8867
8 7104
7 8074
6 5065
1 4779
5 7486
7 4078
2 3229
7 2842
2 9726
3 7409
2 1672
4 8029
0 4132
9 1964
2 3945
1 2131
0 4114
6 2585
5 9710
8 3405
2 8951
7 1239
3 7350
1 4007
0 2996
6 6887
5 6014
4 628
9 3085
8 3402
2 9285
2 7599
8 7893
7 8197
2 7425
3 7266
1 2606
8 4283
8 7387
7 2659
8 3128
6 5951
0 1902
5 1500
4 2734
2 8042
7 4189
3 7495
6 3789
1 904
9 9604
1 2812
9 9502
5 5250
0 9995
1 231
8 5179
8 8344
2 3254
7 7365
2 995
9 1331
3 4256
4 4187
0 5319
6 2995
5 60
9 569
4 3792
0 7807
5 1379
3 3362
1 414
9 1478
0 8888
8 3891
7 328
6 9955
2 8896
1 7477
7 8594
4 99
6 4455
2 8261
8 5701
5 1639
1 5202
3 5138
7 299
9 7242
4 7868
0 7043
9 9768
2 2416
8 9536
0 836
4 7343
9 6417
6 4830
2 5810
8 1550
5 3778
3 8411
1 9114
0 5644
4 1162
7 1226
9 4305
2 4311
7 5607
6 4660
2 7071
8 7832
6 7522
5 921
3 3873
1 87
8 2253
0 8784
8 5041
4 7289
9 9832
6 7276
4 8
4 9780
9 206
7 1380
5 3491
4 7901
2 282
6 3957
3 6670
1 344
0 6251
8 9233
9 219
2 4180
8 5254
3 5774
7 5070
5 3180
9 1327
4 7896
1 4399
8 5201
3 9353
6 2217
0 9125
5 4954
9 6003
9 8397
3 3098
9 7417
8 5706
7 1574
2 5451
4 6529
3 3411
2 8139
1 9450
9 4017
2 8283
8 9836
7 1843
6 5920
1 7000
0 3530
9 3925
5 3294
4 9751
3 225
4 4418
3 9621
7 4033
3 8841
4 2802
2 399
6 6307
8 6289
1 3929
0 208
3 3276
4 2353
9 3
7 4425
5 3438
6 5101
2 9106
1 8302
8 3303
8 2406
7 7765
9 2531
3 942
0 6733
8 5886
4 7593
5 9756
7 7945
6 6036
2 5345
6 8159
3 5911
9 2554
8 6944
2 5492
1 2960
0 3234
8 4039
2 32
6 620
3 3452
2 7748
4 7930
5 1986
9 1052
6 3747
7 8908
0 7548
8 6858
1 3536
6 5565
7 6256
2 3612
4 616
6 8705
8 7670
8 2
3 7811
9 151
2 7580
6 8921
4 2938
0 7299
8 9963
5 5159
2 7971
4 9054
3 8735
1 9217
9 2212
7 1157
6 9657
5 1008
2 2838
0 6769
4 9281
8 2634
3 6838
1 8135
9 4368
2 2538
1 3951
9 8222
7 4346
4 7338
6 8499
6 7498
5 6840
6 8815
2 3522
8 9546
0 1769
6 8744
2 2312
1 4359
9 1887
0 3337
9 3415
8 3997
0 8930
7 7846
3 9195
1 422
8 8182
9 9980
4 2489
9 3487
7 1340
5 3910
3 524
7 7488
6 169
5 8571
2 1913
8 9221
0 207
9 3398
3 2048
1 4122
2 4794
5 9227
1 6190
4 1837
2 2831
5 7860
1 8916
8 4227
7 1707
6 1013
0 2077
4 40
6 4980
9 1966
2 3772
9 8338
0 1153
4 2170
3 6940
2 5549
0 4369
5 6869
0 9700
6 1003
3 6345
1 6385
7 9184
8 4974
3 5881
9 7436
4 3748
6 3071
2 5809
5 9117
3 8026
2 2559
1 4555
0 9101
2 8391
8 1547
3 7665
0 6943
6 2828
2 4139
9 288
7 9313
3 5890
5 7641
4 7410
1 7328
2 8413
6 1836
7 461
3 3217
4 8956
0 7817
8 3529
6 3853
2 9040
9 3255
9 2517
5 5147
7 6060
9 3696
5 9641
1 9978
3 5930
7 7072
4 5558
1 7221
0 2145
9 55
3 6007
8 334
5 7349
4 548
7 5291
1 7997
7 199
6 8167
2 6202
7 1591
9 4644
2 1831
7 3758
5 7991
8 924
5 8562
0 5164
3 1465
9 2240
0 1299
4 9382
1 50
7 3101
6 9801
9 2226
8 8467
2 4824
5 7217
3 4046
5 408
4 5185
5 5264
4 4547
3 8631
1 892
3 8256
5 8577
0 6960
7 3207
6 3373
9 5355
4 5140
4 6904
8 2007
0 5921
2 1687
1 4775
6 1305
5 4232
3 3518
7 8958
9 5255
9 5639
1 5283
7 2602
3 8333
4 292
8 7879
7 6617
4 2141
9 1189
8 7206
2 5044
0 4723
9 1597
1 6581
5 4665
6 7849
8 8948
3 563
2 8985
1 195
7 6250
9 802
4 2833
5 6821
6 6149
8 7553
8 480
0 8353
2 9267
1 4342
8 4258
3 9296
0 4918
2 8788
1 6738
9 1411
7 8924
8 2207
4 9979
5 1086
3 4783
0 3031
6 48
2 9997
7 3765
1 782
8 838
1 2274
9 4949
8 5608
1 4408
9 7521
5 9741
8 4072
4 7251
1 578
3 1095
1 6514
0 9953
6 4218
9 3023
2 5184
1 9667
3 7503
1 7017
3 7282
7 7715
0 8686
8 7648
5 2767
1 8774
6 997
4 7281
9 8208
0 9665
9 8850
8 4382
4 3545
2 7359
0 2452
4 9402
8 7969
1 396
9 3557
6 6082
2 862
3 4327
7 2882
8 895
1 1951
9 2573
5 1534
0 3733
4 8652
4 1531
2 4872
7 8949
6 6286
3 7852
4 760
8 8746
1 4525
9 9568
6 7427
0 8995
5 6775
3 2937
8 9522
4 7909
1 2340
5 4423
2 547
3 3814
7 4969
4 3014
8 5276
3 6281
9 4332
7 4021
1 9309
6 8348
5 2328
2 3138
0 7863
0 6666
3 433
9 2014
7 3482
9 6235
4 8421
9 4163
6 2195
5 8670
9 1395
8 647
2 1443
6 7710
5 2436
7 4374
6 4366
1 9326
2 6725
5 4688
0 5578
4 5848
6 7831
3 6570
8 8444
9 7457
1 353
0 1726
4 7962
7 2527
8 611
3 4357
2 7371
2 6754
9 3069
5 7785
9 4059
2 512
5 6101
1 1954
0 8137
6 1709
1 5015
5 2837
9 9648
2 8807
0 9794
4 4067
1 8320
5 1004
7 2804
6 9992
8 3422
3 4877
9 8821
0 679
2 2306
4 6317
7 9282
6 4489
5 5340
3 7400
1 1935
0 8104
9 229
1 1735
8 8727
9 78
0 4031
2 9289
4 4100
0 9985
9 8041
1 4990
6 8717
8 1636
2 5210
7 146
4 9915
7 6001
5 9576
3 828
3 5404
0 1578
6 1720
2 1414
1 2287
9 8653
6 837
0 5593
7 9240
5 1083
8 2482
1 8088
4 3505
7 1312
3 8641
9 9166
1 3785
4 7370
2 9645
7 8089
0 8215
6 8008
3 4537
5 1217
7 4296
8 2064
0 8931
9 8625
1 8290
4 8362
3 1371
3 9145
5 2369
2 5843
8 6644
7 7129
3 9306
0 75
5 5289
6 8442
9 5660
2 2329
9 4931
8 2404
7 6743
3 7296
2 7166
9 4329
1 8976
0 3068
8 784
4 4351
7 5297
7 5347
3 5133
2 6451
5 691
3 5366
9 2775
7 3224
1 5697
8 3239
7 2227
1 6913
6 5308
0 2307
9 8585
7 7271
4 8980
0 4689
9 8299
7 9451
0 5904
5 2052
4 5275
3 5939
2 6882
8 4209
6 1617
1 4356
0 7760
5 3483
1 9587
4 9639
3 2969
5 3177
2 3441
9 9730
7 4226
1 9845
7 5853
4 7383
3 6094
8 9033
6 7440
4 8847
0 2000
5 1324
3 9020
9 4742
8 5708
3 9255
2 7721
9 9387
6 4240
1 3349
4 4143
4 8596
7 8206
2 1834
0 3985
9 1209
5 9037
4 6381
6 1020
1 519
8 577
5 8699
3 6285
4 8671
7 4260
2 5984
7 8010
0 2614
6 1884
2 5010
9 793
8 9770
7 5702
0 6294
1 5812
0 5649
9 7757
6 4036
5 9715
2 4651
3 3172
8 8266
0 1397
7 8525
4 5948
6 2513
5 5993
9 2994
4 1787
2 3289
6 7542
3 3589
5 2530
1 6274
8 198
1 8665
9 5670
4 5866
2 5132
7 9602
1 9262
0 1505
9 3236
6 7182
0 4129
4 5740
9 6489
5 9599
3 2687
2 7481
7 7996
6 3656
4 2476
1 5820
8 5428
5 8313
5 3629
3 9029
8 3015
2 5253
0 7847
8 5056
9 5568
7 4818
3 1811
5 9717
2 1980
0 9032
8 2321
4 6664
9 9070
3 5177
7 3057
6 163
2 5234
0 9950
1 1418
5 7345
0 2093
2 5161
1 3635
5 5736
3 9390
8 5488
4 7777
7 3393
4 7513
0 831
9 3061
7 7638
2 1460
6 9748
2 3290
0 5227
4 7135
0 9276
2 1090
2 1000
9 5004
1 4069
0 5102
4 9518
5 9015
3 8358
7 2518
1 105
9 3794
6 7159
5 3628
8 1133
9 9293
3 4348
7 9016
2 481
1 3436
5 9222
1 3308
6 8876
0 6501
8 6303
4 9084
5 2264
9 8017
1 3831
6 2501
7 6676
9 757
3 6914
0 3603
8 7317
4 5997
2 4053
7 3186
5 1007
9 9543
3 4040
9 2910
0 9147
3 1329
1 7639
8 6605
4 3676
9 9279
6 6221
2 4445
6 884
0 5311
3 4385
1 148
7 5455
3 9093
6 421
8 4855
1 8569
4 3271
9 3414
5 3051
0 5165
1 4137
2 7875
7 6037
4 28
3 689
6 5838
8 4659
7 2953
1 7998
5 3087
7 9611
2 1969
9 3086
8 7688
0 564
4 8696
3 5403
1 440
6 1738
3 8294
7 8278
1 2425
6 542
2 7573
9 2717
3 7577
8 8004
7 7187
8 3435
7 9675
0 2037
5 9504
4 2561
8 5905
7 3371
1 5947
7 2302
6 6859
0 228
1 5099
2 1039
7 5458
5 2325
9 9607
9 2099
3 492
1 5967
9 8258
4 6929
8 1775
2 1519
7 5009
9 5231
1 7189
6 3264
5 8000
0 9348
2 824
5 7146
6 4088
3 5279
7 4517
5 8530
3 7716
6 1626
9 2049
0 1255
1 7001
8 9349
4 9636
2 8783
5 3495
9 9
1 2764
6 4942
4 2413
2 8595
0 5318
7 8646
2 4436
0 1455
8 5268
3 428
7 4474
3 3822
2 2829
9 6763
7 8863
5 9857
0 705
1 2268
8 6630
3 2265
0 9712
6 8406
8 4483
4 4839
0 4344
6 525
5 380
4 5436
2 1392
9 5024
3 8015
7 7913
8 3328
5 1604
5 9242
4 5337
1 5868
0 365
6 1812
6 7257
3 8607
5 1613
4 4664
3 4169
7 224
4 3336
2 8935
1 3795
9 4421
3 3005
0 7450
8 5819
2 4181
2 3166
6 6258
6 9308
5 9527
9 7510
6 8939
3 80
5 6509
9 9528
6 8730
0 5775
8 5953
7 6198
4 4317
1 9132
5 6603
2 7226
3 6350
0 516
8 6520
6 5554
9 9095
6 7236
6 2020
9 7851
1 723
7 1581
4 7215
5 2511
9 855
6 4522
1 1041
5 1442
0 7617
3 865
7 7766
4 6485
2 1475
8 5858
9 6083
6 7718
1 9596
6 9156
0 6400
1 4170
7 1665
5 3125
4 2989
6 4743
2 1132
1 2868
3 434
7 2993
0 4419
7 1093
5 3790
4 6116
8 9672
0 9831
9 4861
7 3917
1 5066
4 2289
2 6135
6 2653
3 9002
8 7431
7 5714
8 2267
5 165
7 3986
9 8086
2 9634
0 4481
4 7200
1 7102
8 8080
6 3509
5 2759
3 5776
7 6873
2 4773
9 4066
7 4760
2 9830
1 9605
0 1727
9 9023
7 4439
4 2327
6 3162
5 8336
6 4619
8 7986
5 4766
2 3581
6 2132
3 3013
5 4497
8 7644
1 9783
0 9827
9 72
2 5014
6 2877
2 5053
9 2563
7 9855
4 4596
3 4231
6 8725
8 9598
5 1399
9 7315
1 5626
0 8971
3 3579
5 1849
5 4304
5 4392
2 8503
5 1282
4 7121
7 8870
4 9934
3 9593
6 3338
8 5183
9 896
4 2237
1 252
0 4460
7 6102
1 1099
0 8188
1 5912
7 7873
6 6531
0 10
8 4678
9 7301
5 5515
2 2596
1 6361
7 3326
4 5222
6 8718
0 1565
3 6545
8 6863
9 9320
5 3126
2 5388
9 9126
1 3252
7 2672
4 4045
5 5446
6 9912
0 8369
3 2111
8 5591
3 3437
2 3724
9 9052
1 7177
8 7763
1 9786
3 7463
2 5485
9 8267
7 3674
7 2577
5 6936
4 4184
2 8232
5 3670
3 6002
9 5096
6 5410
1 9608
8 5969
0 9669
5 216
8 7767
1 9436
2 6934
1 8051
7 7985
1 9936
3 3498
6 2171
9 639
4 1784
5 1718
3 6356
8 8803
0 5437
2 8435
4 6197
5 4694
1 7771
7 121
3 3541
6 8801
9 8775
1 3250
5 1978
7 1822
8 5427
0 1641
3 4224
2 1398
2 1776
0 1186
2 2120
4 1545
9 4450
6 7069
3 1476
1 8714
5 769
7 8165
0 2526
8 454
4 4592
3 5064
2 6672
1 2478
9 2711
5 7252
6 5870
7 6264
5 1401
6 9301
7 5962
3 9550
5 7150
2 2310
0 6186
8 2575
8 9088
1 9896
4 5884
9 197
6 7768
1 7028
8 1078
9 1330
4 3554
7 4741
4 7313
7 429
1 5284
6 2308
4 5950
3 8372
8 7002
5 5943
1 9966
2 8380
0 8592
9 4559
6 7725
5 8959
4 7823
7 1364
3 4494
2 394
8 6161
9 1430
9 2650
1 1535
6 9352
0 2823
5 5495
9 591
1 9366
6 8557
5 4595
4 2282
0 7293
7 6806
3 1467
2 1970
6 2041
5 2088
0 3297
7 9208
8 1537
9 6837
1 3597
9 6718
4 9067
1 5888
1 2626
6 9690
3 4333
9 1267
5 7076
6 1918
2 311
0 51
9 4110
4 9467
7 3641
8 8720
1 9907
9 1082
4 8844
3 4800
3 7183
5 5771
7 5653
6 9392
2 4919
8 4719
3 3918
5 4645
1 9881
7 3665
0 8825
6 6204
7 9695
0 3896
9 1589
8 1586
6 6080
2 8005
8 6958
7 341
3 1410
6 6563
4 4044
0 6331
1 3739
5 3998
9 1842
7 8120
3 2298
3 6941
2 7196
8 8355
4 4140
1 2318
5 8904
1 1515
7 960
6 8083
3 1700
0 4708
8 9378
7 8945
9 8153
6 1962
8 9555
5 5079
0 9059
1 8096
2 4962
6 4477
6 9674
4 4452
3 993
6 5551
4 2753
7 3450
3 3689
6 3774
0 6113
9 1106
6 5602
1 597
6 3638
6 2657
5 4882
4 2958
8 6210
6 1835
7 8544
1 3202
2 383
8 2637
8 5214
8 2091
6 4795
3 6473
8 7089
5 3837
1 7878
0 528
4 3606
2 7272
9 7372
7 7735
4 9321
9 5415
1 4449
6 7949
0 4814
3 5350
8 6982
5 6813
3 6667
2 251
4 9924
9 4432
8 565
7 4583
1 6834
8 4519
5 9640
3 3270
0 792
6 8305
2 4599
4 7106
5 5144
9 1369
3 5829
1 9174
0 3272
8 8673
7 9223
6 5462
2 9688
1 5295
0 6106
4 8787
8 3749
7 7156
5 4501
6 3651
2 1927
7 9869
9 1473
1 9271
9 6925
3 4182
0 1675
6 6659
4 2555
5 585
2 8820
5 174
6 5499
8 7198
7 12
4 3033
2 6121
1 2769
9 2118
6 5425
8 1783
3 7047
0 5524
2 345
7 9185
4 7779
6 2588
2 9073
9 4229
7 3736
4 2238
8 3251
5 908
1 3911
3 621
0 3493
4 664
2 3357
0 2850
8 352
6 2373
0 3543
8 2710
5 2254
1 2551
0 5916
9 5025
7 2446
5 8677
6 901
3 2419
1 5841
0 5344
8 7395
4 638
2 4906
9 1821
7 4930
7 7994
5 3107
0 9946
6 9220
7 5309
3 5897
4 8579
1 1179
4 561
2 1523
0 4927
5 9628
8 2685
1 2983
6 5456
0 9120
9 8449
7 4802
3 6966
1 909
8 4666
1 242
8 7408
6 8310
1 1172
0 9698
8 3030
4 5076
2 3376
5 1524
2 3365
9 1150
5 9210
6 7740
1 6383
2 2679
7 6293
3 545
8 3489
0 5457
6 692
5 6753
4 6261
0 7245
6 2061
4 1373
5 4842
1 1827
0 2316
6 7025
2 2564
4 326
5 7600
3 324
9 5876
7 4381
8 7957
6 7263
0 8789
1 5769
4 973
1 7467
9 4683
2 7961
4 9274
5 5413
3 4977
4 6804
7 4763
5 7179
1 1989
8 9905
9 3136
6 6831
2 9417
7 7552
7 1385
0 3109
4 6523
3 1670
5 5083
3 3192
9 9246
6 9544
2 3421
1 9529
8 7101
3 2978
9 2089
7 7755
3 7545
0 3562
9 8688
6 4711
4 116
0 5362
2 3313
1 8813
5 9708
9 930
8 7167
9 9977
6 7667
4 9327
8 4705
7 8636
3 7743
0 5357
9 933
2 4433
1 1680
6 8615
1 8724
5 3135
6 9872
4 4112
2 4192
8 7520
2 8628
7 999
1 6540
5 6607
4 3312
3 9888
6 5857
0 7292
8 1509
3 9949
5 5833
4 8848
2 1304
9 4326
6 6160
1 8202
8 124
7 418
7 6466
6 5835
0 6751
5 4148
9 1032
5 3194
3 5220
9 8493
0 6937
4 619
5 4643
2 2643
1 6288
0 8404
0 3048
8 7308
0 9661
0 8531
7 4230
8 1276
4 1648
0 3630
7 1576
6 4049
9 5914
3 3625
8 1063
5 7248
4 7392
0 5705
7 7795
6 6593
2 8195
8 6614
3 5633
9 7464
1 7662
9 7619
9 8687
4 6665
5 9498
0 7195
7 2648
3 9610
6 6803
2 5288
8 3240
9 2977
3 5242
1 4552
8 9914
4 8384
0 9298
5 9494
9 9133
5 8269
3 1572
1 5082
9 2084
7 9483
5 8749
8 8366
7 9153
6 6508
2 3981
8 7380
4 6456
3 8872
1 6483
8 4422
0 3978
7 4682
2 5327
1 1235
9 4756
8 636
0 9642
7 416
5 5642
2 3310
6 8009
1 3427
4 3279
3 8300
0 9580
9 4430
7 6308
8 5725
3 2824
3 6420
2 8663
9 2949
5 9537
0 6918
7 4968
2 3866
8 5055
9 9799
6 9109
1 850
0 8851
4 543
3 627
8 4796
9 3502
5 4027
5 4770
8 9531
7 3979
2 7786
8 9168
9 7947
1 4668
0 3611
4 2985
6 2627
2 7479
8 8316
5 4846
3 3801
1 796
0 3322
7 2655
0 8275
1 4457
7 2148
0 1136
9 2259
7 6707
4 1201
3 3062
0 3788
6 575
2 7826
6 5432
8 6225
2 3546
5 1634
8 3847
1 6975
4 6000
3 2762
1 598
5 7246
2 6539
0 385
1 3206
9 6987
8 3705
7 3890
2 20
1 187
0 2878
7 7366
2 4922
4 6645
3 6368
7 2366
0 868
9 8894
6 8695
2 4673
4 6438
7 3652
5 8802
8 1631
5 1644
9 9731
6 5704
2 4545
3 4051
5 1697
8 2473
7 9926
0 3003
1 7447
9 6359
8 3094
5 734
4 8456
2 6524
3 941
6 573
1 903
0 9043
1 4540
7 6583
0 8650
4 7050
9 3292
8 8861
1 9835
7 7405
2 849
2 9074
5 7900
0 8565
6 5059
3 9927
2 1070
5 2506
4 2680
0 7928
9 3888
8 3604
9 3823
8 4944
3 2999
6 1693
8 2970
2 9275
9 2785
1 7651
7 7637
6 8928
2 5085
5 7989
3 3704
8 1544
4 6187
5 7733
9 5022
1 2252
0 8395
7 1346
6 8329
2 2789
0 5374
8 2667
3 9057
9 8430
1 3829
5 520
8 1673
6 6502
4 5193
1 8492
0 3504
8 3288
7 3153
3 3686
2 7027
2 2042
9 1231
5 5367
6 6349
5 7098
0 9192
6 2055
5 8303
4 5029
1 6852
0 9623
8 3423
3 2107
1 1832
7 1987
5 3081
4 8535
2 138
9 2590
6 6193
3 5564
5 322
0 4050
8 3368
5 9434
2 2229
9 3616
1 3379
0 6376
7 5453
4 1010
1 4952
6 4671
3 7144
4 9752
8 7729
5 7013
6 3745
5 537
2 797
6 5282
9 9569
8 7160
4 1040
0 951
6 4261
9 9425
7 7143
7 5332
1 3418
8 257
5 7720
4 773
2 9904
3 153
4 2810
6 8388
2 2784
9 576
1 6931
0 1351
5 7059
3 2445
3 7415
5 859
7 5408
3 2009
8 4365
7 3781
3 8013
4 82
8 498
6 9022
5 5447
2 6408
5 2029
4 3777
9 7820
1 6589
7 4175
6 9679
4 6541
3 7099
0 485
5 3805
1 113
8 1705
9 2851
4 4628
4 9656
2 179
0 4081
5 3120
1 6287
0 41
7 3935
3 9268
6 7022
5 3477
0 8759
8 7421
4 9922
7 9829
4 2605
2 1824
9 2963
6 9649
4 4738
3 9373
7 4967
5 7377
4 3708
1 2503
5 7567
2 4582
9 1606
8 9399
0 7931
4 8624
6 417
1 8378
7 9259
3 2628
2 736
8 2019
7 5707
8 8145
0 2640
3 3655
5 4888
4 7290
2 4225
9 24
6 4281
1 7673
7 1632
3 8400
8 5665
4 308
2 3300
0 604
6 9793
9 3339
6 7604
9 5941
5 1169
9 6199
6 5531
4 6132
8 6229
7 8975
3 3958
1 5893
8 47
4 8504
2 1501
2 1307
0 5681
5 5825
2 4753
5 8341
1 6332
2 6517
1 154
9 5306
4 6854
6 8253
1 9575
1 3445
0 7992
7 7124
3 8739
0 4324
8 8638
5 7191
2 4282
1 3872
9 7956
6 5514
4 7302
3 2520
7 650
3 6768
8 5466
3 3083
0 3269
0 2975
3 3355
7 4718
5 1102
0 4896
9 6423
1 9090
7 3258
3 7054
0 3843
5 6089
2 9974
4 7225
2 8817
8 580
6 4376
4 1552
9 775
6 8812
1 3205
7 1934
0 5990
6 4387
5 6205
3 3475
1 6567
5 643
1 9200
7 4135
0 509
4 2913
2 6365
8 453
9 2721
1 9956
6 9465
6 7414
3 4663
0 3605
7 400
6 4726
4 6246
5 8513
3 4273
8 607
2 7887
0 1456
9 464
2 1614
0 6189
9 7460
7 8734
1 7475
6 3105
2 6458
4 6976
3 9089
5 5713
4 9618
0 2214
9 2622
0 1510
0 9158
0 3474
8 5575
7 3584
3 2461
4 8243
5 5501
1 3763
7 646
9 472
0 3534
6 8078
4 2704
2 2294
8 4615
1 6142
8 7739
3 789
2 6507
9 3434
1 6674
0 1955
5 5080
8 8510
6 7999
7 690
3 6771
2 931
8 6651
4 2277
9 6772
7 7783
6 6694
3 8702
1 4509
3 2432
2 3555
0 5977
1 4617
5 2922
8 9269
4 2046
9 8864
9 1031
3 3690
6 5638
2 8907
7 6908
0 7161
3 3533
1 6727
6 2409
2 3657
5 6352
7 5435
8 1381
5 3956
4 8033
0 7557
7 3408
3 8810
1 9121
9 9118
8 891
6 9169
5 7034
4 5522
8 8238
2 3720
0 4498
7 2156
6 4910
3 5038
5 5527
4 7754
1 6152
8 6301
9 9368
0 5109
2 3537
5 4294
4 9005
7 6334
6 6783
6 451
3 2347
1 3110
8 2533
6 9193
3 8349
9 4884
0 1517
1 7170
2 483
8 2580
6 4113
3 8154
5 3341
0 185
4 6247
7 3018
9 4901
2 2448
8 2291
3 1057
1 7312
2 6971
8 2095
5 7358
6 6637
0 885
1 716
2 9008
1 9910
8 9122
5 8185
8 458
2 254
1 3463
7 6629
4 5734
9 1877
6 5491
0 7018
2 3157
1 8988
0 3016
3 1094
4 8778
7 7118
2 6698
9 5823
1 8786
5 5504
3 2862
1 2800
0 3682
3 6736
8 1732
4 3354
6 3211
7 618
0 7570
2 5863
1 8508
8 7911
3 271
7 5320
6 1130
4 9140
9 233
2 1886
0 922
5 617
1 7821
0 129
8 74
3 8022
1 2108
7 7684
6 2893
0 7204
9 275
4 1522
8 2394
7 5459
8 7070
2 9740
4 6178
7 4677
5 4570
3 9745
8 2545
1 8978
0 1678
4 7970
9 7728
7 3666
6 5887
1 7517
0 5895
5 7705
4 3492
9 9343
4 9288
2 1212
9 7880
7 5277
3 8231
2 112
6 5635
9 2974
8 1313
7 3903
3 1859
7 8529
2 8416
3 2740
1 2777
0 1570
6 3791
0 3399
5 7756
9 2766
7 7326
7 3209
4 5579
2 3507
3 2164
8 7068
7 4699
1 6765
4 9413
2 6811
6 335
3 1807
2 8588
0 2720
5 5146
9 357
8 4097
6 5401
3 8221
7 2581
1 3865
0 981
2 9840
6 3332
9 8605
4 3830
5 9408
8 9940
8 4375
7 4832
2 2547
0 8649
3 5826
0 670
2 6441
3 2534
0 4907
1 7016
6 4975
9 4892
9 7084
9 8760
5 5047
4 701
2 7442
9 1044
5 5873
3 7690
8 2068
7 8039
4 5800
0 9506
7 4018
6 6216
4 6565
2 8357
1 2658
9 9681
0 5955
5 8537
9 6336
7 3372
6 1770
0 3259
4 2480
3 7402
6 4837
0 1296
2 4900
8 6006
6 7562
9 8248
0 7437
1 7963
7 1264
6 253
3 109
5 2947
8 2322
2 2199
6 6269
7 1316
4 3001
8 3610
5 5726
0 2467
9 5414
1 9277
3 6631
7 6270
6 1325
4 8862
5 3175
0 8642
8 8443
2 266
3 1973
1 3643
6 708
6 4869
1 4316
9 1159
4 265
6 2337
0 467
9 783
8 8664
7 4878
5 8194
2 2992
6 1518
0 1066
3 9844
9 8534
7 3340
5 2250
8 9384
1 5430
5 350
4 5049
2 1869
9 889
6 7258
0 8601
3 1400
2 5211
8 3174
7 452
7 3401
7 1661
9 1861
7 8697
1 4370
5 5643
6 398
4 9406
3 8715
0 7856
1 7603
5 8694
2 2745
6 3922
8 9409
4 558
2 7407
3 3729
9 1754
5 3561
0 5759
7 5233
1 4166
3 3862
8 4138
6 2908
4 6519
2 3147
1 5535
7 213
9 3730
2 2920
0 5764
5 9344
3 2803
0 3994
4 8922
7 122
1 9194
6 7037
8 8967
6 8259
2 8832
8 893
9 8507
0 3280
3 6049
5 98
1 822
7 1621
4 6488
0 2788
2 4108
0 7770
9 9765
2 8451
3 864
8 6588
6 6822
3 439
0 6662
9 3664
2 7381
0 7814
2 5790
0 1879
8 4808
5 4985
6 2490
1 9571
5 4934
9 1279
7 3218
3 449
6 6823
2 6013
4 9157
0 7332
8 6333
7 6841
1 2591
5 6967
5 9873
9 1557
0 3281
6 1708
5 9395
8 7199
3 2178
4 1076
2 1284
0 9984
3 7988
9 878
7 3146
8 4147
5 5381
1 4607
6 5152
2 8792
0 468
4 5806
0 4061
3 5978
9 4054
4 840
0 4727
5 189
3 7052
6 5416
7 3404
8 5472
5 4308
3 9442
0 5294
5 9197
4 9374
3 4955
7 64
1 5787
8 7035
4 57
3 5257
7 8207
5 1538
2 2525
8 6875
6 7918
4 8679
9 4171
3 8992
0 2418
9 4978
5 4011
1 5994
0 5757
9 704
8 8524
2 488
1 4076
0 1067
9 8756
7 1016
6 5261
4 9079
1 9811
0 3049
0 9458
3 955
0 5359
8 4299
6 3500
4 3432
0 5743
4 4075
5 2552
2 4124
1 7420
0 1979
6 6601
4 5519
9 7426
7 5392
6 3389
5 3348
0 5885
3 7640
4 3185
8 8168
8 1250
7 2736
6 3992
8 9381
2 6125
1 4642
7 3076
0 5537
5 3515
4 6734
3 5617
9 566
1 3486
7 3459
6 2557
8 7211
1 2909
5 8521
0 9797
8 8700
7 3887
4 7652
2 7578
1 3826
6 2345
0 2836
3 3608
2 6248
5 5756
5 2242
5 5280
9 8317
7 84
9 1750
8 5807
4 9189
6 574
0 3825
1 7127
2 4314
4 4904
6 4893
0 1875
3 3506
0 2421
7 9553
3 7443
1 1539
0 69
9 2965
8 139
5 2243
7 6942
7 5727
2 1713
1 8245
3 5680
2 9460
1 2586
0 7224
7 4702
6 2793
4 3366
9 5121
4 3759
8 6926
6 9449
3 1055
2 1741
1 5169
6 630
0 2755
7 7526
5 5647
8 2166
6 4289
9 8966
4 582
7 6739
1 3709
3 4526
2 7675
8 1690
0 1073
5 4106
8 3660
0 2524
5 6230
7 2505
9 6585
6 2694
4 9143
3 4899
1 6909
8 244
3 9932
2 9743
1 3499
5 286
2 7378
0 5363
8 8257
3 781
9 1438
7 2509
4 3846
6 9524
1 8134
5 5818
3 3188
8 3948
2 9039
0 4328
7 4798
9 6494
0 2334
7 7772
9 1112
0 5573
1 4363
9 623
7 4933
6 8354
4 7103
5 6434
9 5502
0 2423
8 4064
3 8177
5 2036
1 8610
6 8703
2 7525
7 2427
4 370
3 8498
5 6544
8 3511
3 707
9 3455
1 1932
0 1789
7 9497
4 5
2 943
6 2809
9 1752
8 8084
3 1744
8 5200
9 7141
8 3721
5 4633
1 4618
9 6201
4 6689
2 5135
0 9778
6 5217
4 7207
7 4646
3 8379
6 1663
0 6330
4 1056
7 4438
8 4768
5 4405
1 6039
6 7837
9 2930
6 815
3 5959
9 3971
2 9516
7 1127
5 9943
0 5836
0 4390
4 2073
8 3100
4 376
2 9416
1 4144
1 3692
7 7163
5 3116
2 2043
3 8906
9 4998
1 2562
6 4291
0 7719
7 4032
8 4270
7 4496
0 7912
4 1878
9 3753
3 4280
7 8058
1 6625
8 9651
8 9141
0 7543
6 4857
4 7065
5 8552
2 4394
8 9235
0 4315
0 5753
9 5016
8 3904
3 1128
6 1564
3 2249
7 7240
6 6920
1 9069
4 5438
1 1462
5 4364
1 5562
4 9883
3 4521
2 7839
1 5750
7 9146
6 4631
4 7709
0 3028
8 5560
9 348
5 1394
4 3726
9 3080
1 1689
2 6378
1 8771
5 7422
3 9252
9 8178
6 6343
4 2411
2 3563
4 2263
0 2330
0 1683
8 6767
7 5949
5 6087
1 289
3 8620
8 4136
7 7250
4 5594
4 4309
6 7579
9 8057
2 3070
0 501
2 5585
6 43
4 491
3 123
1 722
8 5946
9 8853
7 6073
5 2589
0 2853
2 6708
6 3047
2 6999
4 8496
6 1651
3 9324
1 9583
7 5127
2 2609
4 7213
8 4960
5 6305
9 3479
3 9028
2 2849
6 1968
1 6745
8 7677
7 4338
0 6363
5 9952
4 4532
0 8912
7 9064
3 7776
9 5742
4 4841
7 1058
6 5266
1 1012
3 4854
9 6621
2 1852
8 3552
2 1248
5 1222
4 6224
8 226
7 5529
6 8800
1 4812
0 3860
8 3905
9 3026
3 3966
9 8533
8 1042
0 9632
2 9624
0 8147
8 4453
5 5891
2 6833
0 4669
4 8932
8 7433
7 77
1 715
6 2063
0 7081
3 1494
9 4441
5 2241
3 2725
2 5296
9 5370
2 6139
2 8684
4 342
3 8110
5 3327
1 5489
2 3440
8 2671
6 4804
9 4447
7 8196
3 2761
1 7968
5 9414
0 4714
8 5621
9 4228
7 175
4 5335
4 2613
3 3719
1 1655
2 177
6 6867
8 1199
7 5032
9 1611
5 6752
8 1432
0 8993
0 1682
7 6118
4 8830
0 9365
4 3927
2 9937
1 7361
5 3227
3 5934
0 9051
8 4462
7 8216
6 3331
2 1743
6 3596
2 4331
9 2678
4 923
3 8410
2 7270
9 9437
8 2820
1 6454
7 466
4 6955
4 272
5 117
0 9287
0 8407
6 4471
4 7588
5 1321
2 3707
0 5087
9 2901
8 7096
6 7713
4 1725
3 6124
7 4528
5 1345
2 5761
1 799
0 6527
9 351
9 5351
9 7707
6 771
4 5546
9 8072
8 2070
7 1876
6 9761
5 5215
2 4939
3 916
6 4867
4 6084
5 6649
9 894
0 8365
1 7504
6 8738
1 5421
4 5190
8 562
6 7175
7 5490
4 1450
5 2747
9 8991
2 3235
3 746
8 6719
0 1997
6 8619
0 6344
6 6340
1 4012
0 7890
5 8637
9 7222
6 6316
2 2101
3 1434
1 7006
0 3510
8 8291
8 9562
7 5239
7 9920
5 6018
4 5503
3 6020
8 7815
1 7952
0 2151
9 4091
9 4733
6 8563
8 767
2 5907
0 3662
7 7168
2 1131
0 6737
4 7040
3 4799
5 7717
3 2059
7 2875
2 3627
1 2825
6 4488
3 5497
7 9383
4 2472
9 1542
6 157
3 3650
0 494
8 4874
5 9842
6 388
3 445
3 4523
3 4752
7 522
2 4971
1 9218
7 6905
4 144
3 3430
1 2038
9 2024
2 7906
7 4201
8 7300
7 2304
1 9188
0 2454
9 950
4 9323
3 1485
5 7188
6 3782
2 7455
1 5694
9 164
4 220
8 4747
5 5717
7 7915
6 3953
0 186
6 1161
6 2594
1 3335
3 5839
6 9742
1 5960
2 1688
4 2529
9 3232
3 8077
7 7701
6 8133
5 4600
8 2642
0 7539
3 1640
7 4769
6 7589
1 8156
2 727
5 9111
2 5480
8 7079
5 1702
2 7620
0 947
4 2799
3 6395
7 9422
6 8545
6 1492
9 655
6 8997
1 5584
9 5119
6 5252
5 2857
8 6030
6 8523
9 1823
2 7491
0 6185
8 1303
4 6396
3 3102
1 8189
5 5464
7 5636
9 610
6 9556
6 5389
0 4300
6 3257
8 6472
4 1310
3 2216
2 1036
2 4997
0 8203
7 8226
6 5305
6 7494
1 6460
8 1780
7 3542
5 1622
8 8252
6 2003
3 6597
9 1228
8 5622
4 2124
2 6029
6 8500
0 7333
7 7582
5 7178
3 7731
9 7209
4 8021
2 3995
1 2860
0 3453
8 6440
3 5246
9 7799
6 2266
4 8816
7 7704
1 4844
5 7706
2 5850
1 4223
0 4911
8 2083
5 3982
3 8422
2 7294
9 8910
5 5587
1 2281
6 4730
2 7038
0 6329
4 9316
8 5991
5 2578
7 8960
3 6490
0 1124
2 8098
9 609
7 2450
4 7113
8 1808
6 3688
1 6705
2 8809
9 2795
7 9737
5 3464
7 890
4 1017
5 7134
3 4293
8 2153
7 5772
4 7571
6 7966
5 6579
4 4805
0 6903
6 4746
3 5035
1 1274
8 7676
2 386
0 8146
9 9720
7 2062
0 7331
6 6797
5 2826
4 5625
3 5900
1 6320
1 2001
0 510
6 1813
8 1933
2 448
3 989
5 4165
6 3681
4 3156
8 8704
9 5989
8 6578
7 2303
1 6780
9 8324
5 3201
0 1176
6 9363
4 8062
5 4465
2 6827
3 7924
3 9687
0 8228
7 745
8 752
7 4052
1 6897
9 9144
4 6448
6 1357
5 4199
4 4146
9 9916
2 4880
8 6240
7 8119
1 8555
4 6959
5 366
4 5452
3 4825
6 5869
3 3914
7 8647
5 6484
4 89
0 7057
1 8445
9 6341
2 3333
0 1728
8 8582
5 7533
4 3586
9 4921
6 6401
0 6387
2 5942
1 1006
2 8657
7 9541
3 9652
9 8298
7 1268
5 4168
4 4778
8 3299
9 6547
0 161
6 1034
8 5163
4 9421
9 550
1 6498
9 115
3 180
2 1696
5 8914
1 7681
0 7085
9 2188
7 1081
6 7228
3 247
9 1786
3 6844
6 4925
2 3840
9 3671
4 9970
3 6653
8 2182
3 4847
2 4393
8 7674
5 4398
1 819
2 3950
8 8609
7 2447
0 1901
5 6654
9 7547
9 2015
4 1453
6 1270
2 1530
9 7067
8 9911
0 269
7 8018
3 49
4 4541
7 7397
6 128
5 8352
1 9893
7 3619
2 363
9 5112
6 8312
8 3941
6 9847
5 5813
8 3053
5 7197
1 1447
0 551
7 937
2 7169
1 4435
5 6353
4 8448
3 7020
5 9438
3 9407
0 7512
5 3582
3 8163
9 4999
7 9838
8 7784
6 2714
2 9929
8 160
6 21
0 5373
1 9477
2 8522
4 1333
3 7611
9 8845
6 2280
5 4630
6 403
7 336
5 8548
7 6275
6 5229
0 3672
5 5386
1 5547
0 9423
7 5484
2 2317
3 209
6 6374
4 4010
5 9078
8 5194
1 3996
0 2731
9 6608
0 8286
3 3249
2 9071
7 6839
8 5846
7 5292
4 3244
6 7212
5 9013
3 866
6 4695
6 6492
1 2623
4 7747
9 9655
0 7484
2 9049
9 7339
8 3898
4 4238
2 7535
9 3821
7 2183
3 7390
5 8210
1 7261
6 5980
3 5205
4 7824
0 5002
9 2647
2 427
7 7254
5 2271
8 5545
6 1751
4 2398
1 1113
4 3519
3 2018
9 6327
7 118
9 2723
2 6868
0 5342
9 2336
8 3809
5 9457
7 8429
9 5471
9 9630
6 7334
2 1794
1 2458
4 6207
3 9017
0 5716
1 8554
6 7990
8 7449
5 2939
2 2569
7 4831
3 4216
0 3622
4 1583
1 1436
9 1724
9 6628
6 4728
9 3775
8 8465
5 5310
0 3390
2 3706
7 5196
3 6422
8 9047
5 5249
1 6636
0 6409
4 2749
8 7108
5 7812
2 5105
6 1025
5 6818
9 710
4 9967
8 3725
7 9738
6 8082
5 2173
3 4626
2 193
8 2821
1 6479
5 5120
9 6431
6 7153
0 5057
6 9682
4 4573
6 8423
3 377
0 6923
7 1772
4 6148
2 9162
7 8244
4 7658
6 515
7 3334
5 478
3 718
3 3523
6 8144
1 7686
0 1187
8 2126
9 3231
2 9650
6 4254
0 2293
5 406
4 1866
3 4889
2 7809
0 1595
7 5341
1 7965
7 2285
8 5788
1 8332
1 9263
9 4544
5 7696
1 3467
6 4604
4 6358
7 3278
5 3661
4 2344
3 268
7 3043
6 6557
2 8230
8 1782
7 6680
0 8485
3 6459
8 5307
9 9766
3 444
0 1238
1 807
7 1851
8 6151
9 2636
4 7093
4 4850
5 583
4 5533
5 2128
4 5479
6 939
2 8515
3 4780
0 5081
2 9774
7 3540
5 2125
4 3940
1 1018
0 3859
8 3712
6 5329
2 300
3 337
5 221
9 6272
1 419
5 9848
9 9098
0 3324
0 9270
8 3130
7 7531
9 9551
6 949
2 6319
4 4981
8 2399
1 3988
5 7490
3 5007
3 3446
0 4087
4 1211
7 1792
1 8627
9 6318
9 531
6 2314
5 6445
2 4994
7 5749
4 7643
8 8474
1 3243
2 6475
5 7351
3 6673
0 4622
8 8584
8 1059
7 8272
4 1848
2 1590
1 9960
9 1343
6 6273
2 3222
5 6792
3 6744
1 7634
8 6939
0 176
8 6683
6 7532
4 8408
7 6716
6 2719
5 1619
3 5675
3 2261
1 258
9 2449
7 7077
2 8612
0 9164
8 5793
2 1091
6 497
0 3488
4 3164
5 5259
8 9480
2 8186
3 5221
1 786
9 9789
3 9337
1 147
7 8112
9 3008
4 2402
3 8772
0 4885
5 7051
8 2748
8 6748
5 3779
6 666
2 3187
1 3576
7 5219
8 2932
1 2121
4 9988
9 5735
5 8567
8 8124
0 1654
3 929
6 2617
2 2301
5 5973
7 3516
7 1701
8 3538
0 6709
1 8882
9 9822
4 7032
3 3490
6 2705
6 2861
2 9758
6 9612
8 2027
2 4198
0 4006
5 6679
1 4781
2 4610
9 3296
4 2486
0 7627
3 1562
3 9584
7 2907
3 8092
1 5156
2 7412
9 9890
3 1361
6 9355
8 270
7 4246
8 5122
4 6017
1 936
8 8113
5 4937
9 9372
9 635
1 8692
6 3990
2 2106
0 4620
3 5785
3 4511
7 3145
4 173
7 1486
8 5270
5 6226
2 2065
6 8961
1 9481
8 5153
7 8838
9 2959
0 8865
3 6038
4 3819
2 3050
3 3344
7 7550
2 323
5 2587
6 2521
3 3458
1 4264
8 296
9 8675
6 6071
0 5500
5 2887
4 4478
4 7884
5 8458
1 544
4 3425
2 2928
7 8155
8 753
5 6796
9 9707
1 3984
4 719
3 605
2 9401
0 2076
7 6954
6 8690
8 3318
5 5092
1 9601
9 6568
1 9238
4 8942
9 8414
3 1368
2 2005
1 9011
6 1667
3 3835
7 4725
0 2733
4 4406
9 911
3 770
5 4648
7 1723
0 9131
8 6367
4 2085
2 8793
1 4142
6 7288
2 3838
3 741
1 450
7 3807
2 1941
6 6411
9 6351
0 1820
3 8073
1 3757
8 6543
5 7360
0 5712
4 2272
3 8295
1 34
1 7722
8 7613
7 1865
5 4424
2 1882
8 8799
5 9396
0 125
9 8769
6 3099
4 644
2 5662
8 7376
3 8424
4 2619
2 6093
5 6260
5 7745
1 4788
0 2553
3 4858
7 3394
5 2768
9 2566
2 262
0 6267
4 2386
6 7024
3 2087
1 5325
8 4073
9 5460
8 938
9 9190
2 4898
5 6046
9 5238
7 3659
6 7597
2 8322
0 6312
2 9340
4 2255
3 8176
5 6392
9 4211
1 4412
4 1669
2 589
6 4636
5 1149
7 6832
8 9747
7 53
8 5525
0 3683
1 1677
9 1638
3 3894
2 5071
7 3632
4 4404
2 9163
8 3007
0 2174
6 6195
1 2574
9 3713
5 7468
3 5072
7 2870
6 685
2 7193
8 8260
4 1785
9 6671
9 4334
0 7546
9 7391
6 238
1 9260
0 2459
5 246
3 5097
6 5287
1 5136
4 3134
4 4866
1 5149
7 9691
4 4917
2 5434
8 4321
7 6255
0 8796
5 7154
3 6025
6 9644
9 8405
8 8264
4 7389
2 6162
1 4989
5 381
3 3283
2 3658
6 4473
7 2393
1 8479
3 374
0 1766
9 5915
6 6686
5 6569
8 4237
2 7987
0 1630
4 2873
3 2780
7 7064
6 5671
1 2701
8 9788
9 1908
1 841
8 1681
8 4512
3 3568
5 261
4 301
9 9684
2 9819
0 5971
7 7398
9 4963
2 1184
6 8475
1 6171
8 6219
3 9677
9 3460
4 8486
5 3306
3 5494
5 8227
6 7174
2 3384
4 4554
1 7507
0 6180
5 3558
7 6146
4 1412
6 9135
1 6491
2 3063
8 2896
5 6266
9 5001
0 4518
3 5855
4 2223
3 8116
1 6860
7 7278
6 3740
2 13
3 4043
7 8143
1 364
9 7122
6 6059
8 2926
5 1071
2 5473
0 6510
3 6560
9 3885
4 1074
8 9499
0 7097
7 8556
1 9202
5 7048
2 9063
4 8977
6 9861
3 9776
0 3190
9 6776
8 8979
5 1778
2 4262
7 9205
5 1747
7 5123
2 8644
1 5794
6 4584
4 9545
3 7176
9 7844
5 2006
5 3815
0 45
9 798
5 717
7 3916
0 4717
5 7210
7 8106
2 5699
1 4414
8 3600
9 700
6 9431
0 3225
7 2439
4 1629
8 8350
3 698
9 7374
9 2646
5 9058
6 7678
2 4704
1 7774
9 9606
7 3755
5 6641
6 2770
2 8710
4 6211
2 4506
0 9721
8 212
4 7111
0 9990
2 567
3 9225
1 8929
9 4731
4 6076
8 5244
2 8385
8 4503
2 3406
0 3189
7 4909
3 772
1 1925
6 3064
5 7734
9 6722
7 1855
9 5054
4 442
9 1322
2 5811
0 5687
8 7955
7 1363
6 426
5 5937
2 5142
3 2114
8 7944
1 3849
9 4524
0 5760
4 2813
7 6997
3 7650
8 5588
7 2407
5 3976
2 3017
6 5773
1 8053
9 834
9 3469
1 1983
3 4234
8 8434
0 214
7 581
4 9854
5 1543
8 7321
2 5667
0 4415
6 7462
2 4914
2 9031
6 579
7 5724
4 3095
9 3907
9 5236
2 5770
1 7041
5 5124
3 1306
8 8836
1 9167
8 1502
3 8736
8 8131
5 3041
7 8917
0 8383
8 8055
4 2885
3 3544
7 4594
2 1454
9 4340
6 7894
8 8132
1 4448
0 1383
4 4539
0 1233
3 2791
7 1349
5 801
0 6279
3 7908
9 8986
7 5864
2 8387
8 656
7 7960
6 8974
2 9578
5 5075
1 808
0 875
7 5440
4 5906
3 1497
2 4302
9 4440
2 4349
5 6136
9 2797
8 6032
1 7883
5 3039
2 6468
6 2699
6 2707
0 9851
9 6291
9 8660
7 6678
9 9386
0 9570
4 101
8 5248
1 6871
9 2260
3 3531
1 9594
9 5224
7 4298
5 3949
0 484
2 9683
8 7307
4 8356
8 5139
6 1600
9 2976
3 5208
7 2387
6 9236
9 7984
9 6668
1 680
9 634
2 8038
7 7680
3 9025
6 5928
5 2208
0 9286
9 8603
4 1493
9 1487
8 3924
7 7695
3 5030
4 9560
1 7568
2 7500
1 6391
7 8127
7 1332
0 2832
4 504
6 7622
5 5536
9 7626
8 1635
0 7914
3 7253
8 5441
1 3386
5 5467
9 5801
1 2380
7 5754
5 9948
2 6550
6 4721
4 4284
8 9523
9 4571
1 877
4 1314
9 7782
8 6554
7 654
0 8426
2 2818
9 4253
3 7489
8 4724
6 4161
5 6590
0 1541
2 435
0 3609
9 8633
2 5506
8 6277
4 2507
1 7711
0 3277
9 1856
9 7456
0 7995
7 7470
5 1347
2 3375
0 1818
8 7975
3 2384
6 1275
4 9870
4 4152
5 8030
4 6572
1 5232
4 2487
2 8987
0 1549
4 4684
1 3400
3 3938
9 7082
8 4661
2 3560
7 25
9 5520
6 1403
0 3420
2 9116
8 6533
7 1488
6 1365
6 2858
5 5856
4 6103
9 7335
6 264
5 5402
4 7828
0 79
2 29
1 9346
8 95
3 6158
9 8846
6 1288
4 2190
5 4025
2 7483
7 4786
0 9534
8 1440
1 4983
1 2031
8 9734
3 7314
8 6137
9 4749
6 8093
1 5957
8 2382
4 7295
3 280
5 7511
9 5768
6 5021
7 8337
4 6921
2 6386
0 1740
4 3195
3 9547
1 469
0 2381
8 8067
5 4002
9 6304
1 3856
8 401
7 1167
5 4008
6 527
4 4698
6 5654
2 7123
6 4377
4 2541
9 3946
3 2616
9 5463
1 7105
2 5799
0 8427
6 7904
1 5581
8 9066
0 143
4 5188
7 9403
8 3593
7 4650
7 3824
3 5728
1 7829
0 6022
8 3567
9 8198
5 7810
9 4562
5 5674
4 4303
4 4531
2 2357
0 526
1 7661
2 1272
0 2729
6 4467
0 927
2 6072
7 2776
3 4041
0 612
2 2079
9 9479
5 4490
8 7086
7 4325
4 7870
3 8060
2 6756
1 5623
0 9230
1 35
0 6133
6 4950
9 3871
1 1647
5 6253
0 9375
8 8223
6 234
4 1326
1 2652
7 4534
3 1065
7 9448
2 814
9 1910
5 9280
0 5005
0 2728
8 5023
6 7804
7 2522
3 5935
1 1323
4 210
2 4095
9 4203
6 2730
5 1408
5 3238
7 5028
5 6300
3 8065
1 2807
0 7216
7 4272
0 3818
1 1163
0 8573
5 8213
4 3963
3 3079
8 5477
8 5927
4 9664
0 8918
2 3092
3 9798
5 4115
9 9362
3 6951
7 26
6 8014
1 2371
3 8721
2 8200
9 3496
6 5791
5 2929
8 4569
7 9300
4 966
0 393
2 5729
1 626
3 3623
7 6801
8 860
8 5094
7 1971
0 9841
9 6616
6 8331
5 2738
7 810
4 2757
9 9557
5 1291
6 9447
9 9007
2 4244
1 7689
7 8158
4 5974
3 3735
9 2284
5 5375
8 1620
6 5174
1 6168
0 1084
2 4267
6 3073
7 7255
1 2389
0 1318
2 489
4 7202
3 7564
3 4863
3 1038
9 3242
6 3899
7 1355
3 523
5 5379
1 6602
8 4149
9 6984
0 3861
6 4048
9 2972
7 2198
2 4988
9 5964
0 3631
9 9941
4 2275
6 1671
3 703
5 9181
9 5198
1 358
7 36
4 2475
2 2886
8 1567
0 3132
9 7007
9 2305
7 8237
6 4916
5 9860
3 4001
5 1508
4 5093
3 76
9 4579
2 6159
1 4310
8 7023
5 5468
3 4074
9 7120
0 6895
7 7979
7 7692
6 6724
3 5036
6 9176
7 7369
4 8487
0 2315
7 5372
4 8732
0 9232
6 9453
2 3074
1 9226
0 1717
7 6362
8 8240
1 3897
5 2168
6 1139
4 755
2 3325
9 2184
3 5160
0 3559
2 465
9 6086
6 5985
1 9150
4 9686
5 5721
3 5321
8 5596
7 1506
0 8905
4 4354
1 2209
6 9312
9 3512
3 6577
2 8483
7 5559
0 9295
5 8919
8 9771
8 6693
4 4107
6 9128
5 2904
1 1829
9 6164
6 7818
3 5240
2 8526
1 9906
8 3799
4 7220
0 5012
7 1145
5 3764
3 1796
9 1218
8 3220
0 3878
8 9272
0 8681
8 879
6 6406
6 9350
2 9003
1 1344
8 1295
5 8225
1 3640
3 9803
4 3553
7 8854
6 972
2 61
9 726
8 8748
4 1880
5 861
0 3273
1 3811
7 9491
3 7850
5 130
6 4729
9 1027
8 360
2 184
9 7201
8 145
4 677
2 4090
1 9898
8 6486
7 470
0 8873
5 6968
0 7428
6 3934
8 4235
5 1458
3 4407
8 2319
0 4995
6 5060
3 3816
7 570
9 697
0 4102
4 696
8 6730
3 9548
1 7214
2 9142
5 4826
6 1746
0 9338
4 6606
9 33
1 6675
7 8613
1 6759
7 9266
5 5688
1 5744
6 4614
2 3716
8 6063
3 1991
7 378
7 6450
0 7438
7 6970
5 1885
4 2165
0 3746
9 1733
6 126
1 5226
6 2276
2 384
7 5235
8 6634
5 8747
3 1178
4 9215
2 9908
0 6284
9 1208
1 22
6 8432
1 6746
7 9459
8 9076
6 2500
1 5486
5 9962
7 405
8 295
6 7375
3 1957
4 7885
8 7061
2 1602
1 5552
1 8419
0 7645
9 1858
3 2400
0 4427
5 7131
3 4086
4 8509
8 127
7 9825
2 5966
6 5063
4 2462
9 5781
1 3104
1 3268
0 1336
1 9056
5 9258
3 3246
8 5399
7 496
2 6781
0 8925
6 7788
6 1474
4 9804
1 7946
6 7107
8 7898
5 4222
3 5260
1 4466
4 6785
9 475
6 4891
7 1402
3 7492
4 882
7 249
3 8079
2 5852
8 1704
0 8334
2 3583
5 4966
1 7848
4 7
7 1103
3 7318
2 633
9 4176
0 3152
6 243
8 5600
1 4485
9 1516
0 7466
7 9371
5 1193
3 4894
7 1309
1 1260
8 134
4 8763
0 5539
1 2309
6 7444
2 653
4 9247
3 8740
7 4442
9 848
9 9680
8 8540
5 8923
1 9335
2 2286
5 4336
4 8438
0 3970
3 486
7 5218
1 549
6 9792
2 3787
7 2026
9 6532
6 2122
8 8142
6 7781
9 9214
5 3197
4 150
7 5018
8 2682
0 4676
6 6842
3 1463
5 649
1 3760
9 6650
4 6518
2 7238
7 5668
8 6655
0 3184
8 3431
6 4126
7 761
0 3052
3 7905
5 7836
6 8126
1 8130
8 6575
0 9590
7 4982
4 9563
9 3158
3 6245
2 4092
5 4946
6 8933
1 3532
8 5922
6 6238
8 9654
6 3677
0 5604
7 5508
4 321
3 9108
2 3715
9 9151
8 7592
2 7669
9 1566
8 7311
6 7778
2 9785
7 1005
2 1224
0 316
5 5107
1 9711
2 2702
7 5420
8 9509
4 8634
6 1883
1 1437
3 7886
2 8274
0 6782
0 992
5 6549
9 5339
0 9027
5 2822
4 9297
6 9784
1 1546
9 2094
7 8822
7 5589
8 4469
8 136
3 5212
7 4625
0 38
5 8172
2 1050
0 1826
5 7506
4 4535
8 751
6 4667
3 540
0 2220
1 4353
9 1906
7 3868
5 2854
2 2700
3 804
0 7727
2 2426
9 5902
1 1219
4 4672
8 3727
6 9138
7 8201
3 318
5 7632
3 3743
5 9307
3 3077
5 473
2 8840
3 8307
0 3844
9 5469
2 6380
5 6295
1 9951
4 9092
3 1426
0 740
8 1596
6 2927
0 8889
2 6021
9 3387
7 7033
9 2210
9 6701
7 6901
7 2779
5 9455
4 8892
7 120
3 8128
1 6711
6 1014
0 7063
8 5909
4 4895
3 6778
1 2477
5 8396
2 1507
7 8826
4 4875
8 2273
9 4156
6 7231
0 4655
1 3968
5 6907
3 1857
2 5513
9 9419
7 3952
8 2160
4 5711
7 7356
7 203
0 3215
6 4632
1 7394
0 2782
4 5449
8 2966
5 4133
1 7323
3 2415
0 8903
7 287
6 3937
2 6426
5 6004
1 1598
9 8598
9 7269
8 9234
4 8587
9 5719
4 8361
8 4748
0 6397
3 6620
8 5482
7 6946
6 4903
2 6477
4 5640
9 3723
5 2635
0 1151
3 7948
1 5512
6 872
7 4116
7 1425
8 1608
7 1252
2 3751
8 6010
9 8205
4 8632
7 6
2 4852
9 5877
8 8804
3 8898
4 8639
5 9902
0 3673
2 8580
0 7527
5 6816
1 7472
6 820
2 5369
3 3786
7 2940
6 8101
9 9370
8 7478
0 8559
7 3728
4 9795
1 9393
5 8758
2 7119
1 3114
1 9882
9 7642
3 4068
8 7379
5 1214
3 7877
8 3374
2 2039
6 2090
0 9357
3 1388
1 4330
9 7653
7 9821
0 6697
2 6499
3 5982
9 8034
5 5599
4 3267
5 4409
5 7075
2 5777
8 5738
3 4578
7 733
6 8984
0 6179
1 7384
4 2508
7 7610
6 5033
5 2368
2 2150
0 4789
9 8454
2 1898
3 8360
8 6757
7 4248
1 8270
5 1938
4 1609
3 8926
4 63
3 8441
5 1649
0 5691
9 2457
6 2980
8 4259
3 534
2 5378
7 4350
1 4446
9 1760
6 3241
9 7958
3 4976
7 7838
9 8281
4 8255
4 9472
1 2086
3 1173
0 4574
5 1273
1 4621
8 1582
7 9998
5 4563
0 8012
2 9787
9 6787
6 1023
4 1168
8 9360
0 7137
3 5840
8 7584
9 2973
8 100
6 5968
5 7936
1 9839
4 7091
1 6591
5 9466
4 978
3 9646
7 4125
5 8386
0 2528
2 7699
9 629
6 4959
8 1449
7 361
1 5391
1 9251
8 215
7 846
0 31
8 3143
3 8094
1 1271
4 4279
9 298
5 4401
3 1755
7 8297
6 8484
2 3301
0 835
0 3359
4 3693
2 9581
8 6114
1 9397
9 9036
5 5230
8 4576
6 3679
9 4384
3 4803
8 1686
7 2758
5 1142
1 8558
0 4801
4 9670
2 1685
3 59
8 1799
7 3528
6 1181
9 8668
9 7724
1 9701
5 8737
2 6070
9 6324
1 4956
2 3939
2 7291
1 1144
3 8289
4 657
2 2847
1 4158
0 4286
5 4777
8 9540
9 2881
4 8880
0 6691
7 1930
2 4233
3 4502
6 3565
5 529
8 3451
1 6594
0 8874
2 7752
9 5322
4 7801
3 3920
4 8766
7 6252
6 4313
5 8835
3 3056
8 6111
7 7876
4 9517
1 8392
0 5209
6 3093
2 9615
9 9810
5 3517
3 8999
1 648
8 6770
4 8472
7 5879
0 9418
7 5572
6 1191
9 3884
6 3964
7 8346
0 6107
2 1360
9 3392
5 5422
9 3456
2 1976
9 7110
3 2270
1 6917
2 5397
0 1165
8 2543
7 4178
6 8938
9 4586
4 6735
4 8085
2 4271
5 871
2 7943
6 7649
3 6610
5 6586
6 5336
7 2081
1 5046
9 8459
0 7841
8 3900
8 5683
0 3219
9 6462
4 2361
8 392
4 1645
5 5658
3 6262
0 8318
6 8367
2 1246
1 3902
7 4585
5 5996
9 2510
8 6424
4 1417
0 9533
3 2816
6 5998
2 4609
1 9503
8 4179
9 2349
4 3944
4 8417
5 3841
6 2474
4 397
3 5106
2 3921
7 762
8 7700
1 7834
0 2022
5 624
0 11
6 8162
9 1774
3 9303
5 2297
9 1615
4 3449
6 2485
0 4932
7 9554
2 4987
9 2350
3 5067
8 7056
5 5669
4 4362
0 9852
7 5078
1 744
6 4945
3 518
2 5475
2 8635
1 7355
9 3936
8 7330
6 1844
6 6313
8 7165
3 6145
8 1512
4 742
2 9739
5 5510
0 3588
7 8052
9 1341
8 2794
1 347
4 6646
6 7806
2 9191
5 1170
7 7223
0 4318
0 3867
8 4070
3 6600
8 2438
4 8682
1 1676
0 4593
4 8950
9 8879
7 3419
2 9385
5 6115
6 7009
3 3928
4 2936
3 5651
4 2113
8 5926
3 375
1 436
9 5180
0 1573
4 8043
8 3796
8 1188
3 2888
7 67
1 7094
8 3447
2 7474
7 3980
3 3121
5 9487
1 913
9 944
6 7062
5 5516
0 4685
9 6024
6 5141
4 3810
8 9532
0 5715
5 8482
2 8915
0 754
5 5606
7 2102
5 4111
9 4118
5 455
2 0
0 7805
3 5629
2 9733
5 8339
6 9981
3 8954
4 103
1 5521
0 774
8 2245
9 2746
6 8622
5 9304
2 7609
0 3901
7 6500
3 9972
9 2918
6 9866
4 6511
1 1894
8 6721
6 3462
4 962
2 463
5 7448
1 5170
0 3226
7 2750
3 9874
2 3433
9 8511
5 81
0 794
7 8471
3 7341
1 9175
6 5918
2 1656
8 1225
4 6399
5 3813
4 8962
9 8808
0 5676
5 9432
1 6302
9 6760
3 7117
0 7147
7 6883
5 9085
5 6369
6 1175
2 2550
8 9389
4 4343
2 5842
5 738
1 7855
9 8806
6 3443
3 1033
8 6321
4 2211
0 1691
2 7872
7 1280
5 3804
1 4141
3 9470
9 152
3 5317
6 3930
9 763
8 9722
4 1311
0 4879
2 3221
9 4710
7 3761
6 4565
8 4810
7 9065
5 6217
1 8393
8 2105
5 521
7 9558
4 4635
4 7616
1 1526
8 1742
3 7012
5 7026
5 3737
2 6268
0 8891
7 2852
9 8343
2 7803
1 1695
6 6979
8 7888
7 541
4 2355
5 3442
0 3139
9 5137
8 8212
4 4204
3 5068
2 4890
3 1256
2 5011
6 6704
2 236
1 6973
5 9600
3 8731
7 7606
5 4707
0 6648
3 5225
2 6019
6 6965
1 8706
9 3266
0 4605
8 1698
4 9713
5 9454
5 9196
7 1503
6 7559
5 1220
3 9291
1 9808
7 748
9 5197
0 8946
2 2053
0 9112
8 9716
6 5983
0 6315
5 1118
8 1079
6 7693
0 5444
4 8048
3 5199
6 7060
3 5933
1 310
0 5115
4 8460
7 823
3 8415
1 1896
5 201
9 3036
4 853
2 4371
8 6439
3 232
9 3694
5 493
6 9445
1 9538
2 9060
4 4613
0 6669
8 6213
4 2365
7 5299
0 9490
8 2206
9 1729
3 5039
6 2129
5 3380
1 5541
2 1890
4 5903
7 2341
5 5293
0 4459
1 9718
8 1975
9 3717
2 8989
8 1409
4 9310
3 1817
7 5844
9 4038
5 3165
6 9254
0 4590
2 7287
6 4119
1 2112
4 6949
1 9426
7 2352
9 8468
5 2941
4 382
8 3193
3 1245
2 2675
0 2045
2 7656
1 4096
7 5286
0 4202
6 6465
2 2342
1 8046
2 6050
9 3983
6 8304
0 3395
7 6948
6 9875
2 9942
1 956
9 7083
5 8890
4 1429
7 3111
8 7325
3 5352
0 5431
4 6584
9 411
6 4624
2 4912
5 2542
1 5511
1 6663
3 6710
1 4546
8 6846
7 3454
1 5439
0 9572
8 6487
4 2066
7 918
6 8455
1 4507
0 5763
9 9781
5 4
8 3037
2 6856
4 1452
7 8161
3 6932
6 8666
1 9123
0 4876
6 9633
5 8254
0 7764
9 3391
6 4456
1 1092
8 3539
5 1195
1 2979
8 8457
2 6512
7 6328
5 4194
4 5273
0 6935
7 6700
8 1190
2 5393
8 3551
9 9243
4 2890
6 8963
3 5821
0 2233
7 8273
6 9530
2 431
0 9899
8 8452
3 7319
1 273
9 5128
4 3590
7 1491
7 968
6 1210
5 6147
5 39
0 9439
2 994
5 586
3 7157
8 3416
1 1795
0 6558
7 7923
0 4444
9 4335
6 5798
4 1088
9 2410
8 2468
4 6598
3 3626
2 3208
9 2695
1 5241
5 8117
7 5550
5 4771
0 2633
5 3702
0 5611
0 8990
7 8827
6 7858
5 3913
4 9173
8 407
8 1424
3 847
6 4973
2 975
0 3472
7 965
5 5204
9 135
4 8940
5 2760
1 8776
3 9322
7 977
8 1471
6 2224
7 5780
1 1185
2 3480
0 514
9 2884
5 5963
3 1479
4 9137
3 4560
7 6977
2 7538
6 2144
4 3010
0 8726
8 2004
3 7793
7 3042
5 7524
0 6992
1 3124
9 2378
7 6326
3 3075
0 3695
7 7751
2 2187
9 842
4 6884
6 7596
2 9800
8 2348
5 5493
6 1800
4 6682
1 1406
8 2013
3 6956
0 8602
5 5970
1 695
7 3170
9 7566
6 7687
6 8934
4 8061
2 5944
2 759
1 2011
0 1290
8 3097
5 6504
3 3385
9 7423
7 702
8 730
6 6128
4 2798
0 8741
6 9753
2 4079
1 8111
7 2639
9 3024
3 1721
9 8160
5 1853
8 3494
9 2257
0 8340
5 7401
6 8745
2 832
4 9328
1 4587
8 9515
1 6296
8 4864
7 6886
9 7130
1 725
9 4591
0 2078
5 437
8 1601
3 556
9 8755
7 5692
5 7618
2 7655
6 7853
5 532
1 1891
4 8095
0 9694
8 7791
7 6896
4 7753
3 4951
9 3732
0 1960
8 217
6 4249
2 8103
5 3122
1 4463
5 4529
3 1996
1 1961
7 4130
5 9525
4 5406
9 7942
0 6079
1 4345
3 3054
1 6638
8 6427
1 5666
8 7362
6 1845
7 7529
3 9755
2 6346
1 7132
6 42
8 3919
5 4185
3 8996
3 6952
7 9964
4 1520
2 4420
9 7435
6 9055
7 7516
2 5175
1 5972
0 9461
8 6647
4 9019
5 7505
7 5247
7 8538
3 6097
8 1353
6 7138
4 2443
9 424
8 6626
6 4809
2 6402
6 2258
5 8532
1 6562
0 3618
2 8576
0 6974
9 2067
4 2455
5 4793
6 7822
2 906
1 2283
9 8301
8 3524
7 7485
5 3179
6 9814
4 6962
3 4388
0 2244
7 5474
8 4319
2 3875
1 5074
9 8667
6 8125
3 3535
5 4443
4 171
2 5390
1 7260
1 7320
9 599
7 4029
0 9201
8 23
6 2356
3 7792
7 9435
5 315
0 5987
8 5861
4 7857
5 9704
2 106
0 608
6 4862
8 898
5 3722
4 4567
3 7232
1 9471
2 2466
9 2621
7 6372
2 6184
9 4057
8 2944
0 4991
7 3287
6 9377
3 4037
4 5114
2 659
9 3806
0 390
5 90
1 8823
7 7346
8 8076
3 8287
4 479
2 4658
0 1072
6 6461
2 7148
1 9315
0 7396
7 2558
6 530
9 4482
5 919
2 9539
3 7560
1 4692
8 7471
0 6012
2 7173
4 9945
7 9094
6 8224
3 4009
1 7015
8 5988
1 1249
9 8314
8 9444
5 5019
5 9026
0 2354
2 6866
1 2997
4 6360
1 1952
1 4287
9 1540
7 2453
8 9456
6 8927
3 5312
5 4701
9 6297
2 1011
0 9468
7 8965
3 6425
7 8100
8 8790
5 5143
6 6573
4 4183
8 8190
1 5360
0 5323
9 5925
8 1234
3 1965
2 5171
6 2335
7 5975
4 5088
9 795
5 592
8 1801
5 1147
1 5828
8 8517
5 2456
0 8121
2 7441
1 869
6 3155
3 9104
8 4071
7 2751
6 3663
8 3714
8 1587
7 2431
8 8656
5 6232
4 5145
0 5609
0 8436
4 3780
0 4996
9 7827
5 1993
4 2232
0 2377
6 8390
5 9204
9 1140
4 1230
5 552
2 1684
1 5290
8 1580
7 8315
6 9212
0 137
3 1627
1 2923
7 6613
2 227
5 4004
9 778
4 6209
3 954
0 6299
2 1846
1 6174
8 3754
7 8109
6 4597
8 6077
7 6388
8 6449
5 7087
7 1049
6 6809
0 6580
9 2572
4 3601
3 4736
6 7243
8 5223
5 1146
7 7304
1 9505
2 356
9 7180
0 1237
6 2548
3 8757
0 4215
5 4947
4 1413
6 5104
3 6522
0 3065
8 4413
0 2246
8 6443
1 2231
7 4085
5 1762
2 4367
9 6028
4 6120
6 6429
2 8364
1 7327
5 8611
7 709
3 8102
9 7978
2 2964
4 2950
1 2665
0 2451
8 9034
6 5172
6 6639
5 7219
7 2100
5 9991
9 5442
2 9334
6 9428
5 7298
3 3233
7 256
2 178
1 8497
0 274
4 6298
9 3199
8 166
6 8151
3 5507
5 8947
2 2203
2 5632
1 1484
7 9099
2 2943
1 9750
9 3932
4 9889
1 1457
7 4320
0 1138
8 606
3 2662
6 6677
2 2324
6 4172
2 1419
0 6016
9 7835
5 7066
2 5981
1 3889
4 4084
7 5113
3 6310
8 4549
6 4030
4 7541
1 845
0 803
7 3230
9 3468
5 5845
7 7927
2 9696
9 1021
3 1152
6 5940
8 4098
5 7621
9 4572
1 1905
0 4514
4 6713
7 4696
2 9586
3 9996
1 4268
6 6065
8 8968
0 140
4 6009
0 6793
5 8191
9 255
7 8473
4 8742
2 9489
0 1788
9 5779
5 6819
5 1243
3 5338
1 7424
5 595
1 8440
7 9294
6 6702
4 5752
3 4252
8 4000
5 9566
2 3648
1 8614
4 1779
0 9048
7 6109
6 4208
8 1366
9 7730
4 8173
1 5269
3 4024
4 2584
3 8028
1 1422
5 4500
4 6176
2 7416
7 9901
1 5592
3 596
6 9469
2 7794
2 6410
8 37
2 9507
5 3624
4 9012
0 6182
7 9198
4 3621
9 4220
3 5162
1 9769
3 5634
1 2496
6 6717
8 1657
0 3547
2 8490
3 7679
8 6829
5 6998
1 8164
7 8617
6 9577
4 9496
9 7036
9 1123
8 2442
1 5748
0 5278
7 1815
1 349
2 410
3 7554
6 6212
6 1643
0 8288
5 2651
5 8505
7 1668
4 4797
1 9709
5 8091
4 2147
7 1658
3 1921
9 7039
2 3699
4 230
8 9149
7 948
5 7277
6 9411
3 3038
0 447
9 584
2 3827
9 9021
1 3142
4 8887
1 415
4 9009
8 1888
7 7073
8 3793
0 2615
5 6826
3 987
8 9087
6 8219
2 4603
9 6758
1 1068
8 107
4 8280
2 1051
9 8418
8 2133
7 471
6 7279
2 9892
1 1490
9 2176
0 8027
5 5517
3 1942
8 4510
7 9331
6 728
4 4755
9 1328
2 8849
1 3363
7 3942
6 3646
9 3091
4 9139
5 2962
0 1558
3 5703
2 6172
1 4505
4 7205
8 1177
7 5979
5 764
9 1285
6 7055
6 9702
6 2374
0 4787
2 6622
0 640
6 5031
1 3321
2 5409
8 714
4 1262
0 2921
3 3304
6 4127
2 1963
1 8750
8 7830
7 389
5 3572
4 5682
9 9961
0 2897
9 3214
6 5710
3 9292
0 5832
9 1129
2 4653
2 5677
7 7981
6 4527
8 5938
7 9129
1 1489
6 1577
5 8284
3 7932
4 8002
3 1100
0 1847
6 3417
1 6339
9 7654
5 2669
4 2536
1 9474
3 5526
5 5576
6 3407
2 4816
9 7973
8 7866
7 833
2 2290
0 3645
3 9567
3 2708
9 2872
6 8859
8 4105
4 8911
9 5189
1 6166
8 6742
4 8003
5 8693
2 8952
7 346
6 6566
5 1618
4 7746
0 330
4 4739
3 9521
2 9837
9 8376
1 2116
0 905
8 8519
7 8488
3 3103
6 9119
4 826
8 9317
7 8123
2 1926
9 1664
5 2395
4 5334
8 9627
1 735
7 9944
2 4174
1 6556
9 6055
7 2230
2 2638
0 6231
6 8753
3 182
1 8075
5 9614
1 9693
4 8235
9 5571
5 1166
8 1294
1 2902
7 6335
4 4269
2 5986
9 1232
2 6150
0 3520
9 2333
5 684
6 6627
3 9508
2 7446
0 7845
8 6891
1 7663
8 2540
7 7934
9 511
4 1085
5 9542
6 9038
6 1504
3 7594
1 6309
2 2372
3 1206
8 3265
7 1164
9 8025
0 7636
3 5830
4 4263
8 8229
5 1015
0 277
9 7576
7 1803
3 4941
6 9159
4 7607
1 3413
2 5348
8 1995
5 9796
5 7917
3 5315
5 897
3 2752
0 291
7 1825
9 8118
5 6963
0 9790
7 5418
6 6144
4 2247
0 8242
1 6412
1 9994
8 7008
3 9744
2 9351
2 1281
3 9820
1 6364
2 5396
0 9380
9 7316
5 9182
7 425
6 6894
2 8837
8 6467
4 3617
7 6779
9 2228
5 2194
3 9626
1 3285
0 625
8 1158
7 9398
5 9891
9 2032
4 9724
9 5784
6 7306
9 6015
6 3636
4 1495
2 9213
1 4301
9 5540
3 7247
4 7565
6 3974
2 1075
0 1428
8 1624
1 1137
9 7305
5 6633
7 1030
6 6728
4 2189
6 7274
3 3961
4 4657
6 1716
4 9001
3 2215
1 1889
2 8626
8 1482
6 8071
4 9689
0 9913
9 2516
7 1035
5 9895
3 678
1 5098
0 2375
9 5090
6 2952
2 4735
8 4479
6 3832
4 4219
9 5256
5 557
7 3461
7 4835
2 4679
8 2948
7 2119
3 7897
1 3881
4 2912
0 6515
6 1182
9 9463
7 996
5 7515
3 6105
1 3293
5 2620
2 559
4 9177
3 7816
8 9376
6 1994
1 843
0 6200
1 3055
1 9080
9 96
5 1916
1 1511
9 8819
7 9723
2 4820
5 4243
4 6660
3 3424
1 4177
8 3261
6 8661
7 8097
9 6991
2 5782
5 3481
9 6338
2 7185
0 2681
9 5285
0 6088
4 3260
3 4323
1 2163
8 876
6 4870
9 162
7 4197
4 3108
9 5952
9 6788
5 2034
1 7581
2 1802
9 6861
6 2683
8 88
7 3448
0 8648
4 652
3 6044
6 3316
5 8777
1 5679
2 413
4 6033
3 6933
9 8138
9 355
8 743
0 7980
9 2603
7 2035
7 6786
1 9178
8 7697
6 3855
5 1982
2 391
0 7267
4 8798
0 5237
1 5476
0 7732
8 9211
9 3999
7 6052
3 1241
9 4751
3 5417
7 8470
5 9045
2 3556
5 7430
4 3926
3 7659
6 7983
3 6143
4 1382
5 6789
1 8969
9 958
0 7451
8 9082
7 3762
6 7813
2 91
4 5523
5 8857
1 6851
5 4992
4 1390
9 1213
1 1839
5 6692
8 1171
3 8719
7 2364
4 601
0 5595
7 3369
6 443
9 2582
4 8712
2 7672
0 8669
1 9868
7 2925
6 4634
9 2292
6 8683
7 2954
5 4640
3 2815
8 8090
4 8805
2 9462
9 8428
9 915
9 432
6 6129
0 8056
7 8169
1 4193
9 6643
5 6561
6 5849
0 8374
8 688
7 2385
3 4662
0 2790
1 66
4 9897
2 5328
9 4255
5 568
8 9103
7 672
3 2855
7 5118
6 2481
8 5429
3 5655
0 6980
7 8791
6 9096
3 2096
8 7916
1 9041
0 9637
4 4940
2 8070
0 6474
7 86
4 1679
9 2739
6 1959
4 4484
3 320
5 507
1 3698
9 3133
8 5117
6 1317
9 594
1 172
7 2871
0 8308
2 8618
6 4003
7 9424
0 2109
6 1922
2 4598
2 3569
9 4530
5 500
4 5570
3 3864
7 9239
5 1666
8 8711
1 5656
0 2158
4 6599
6 313
2 1588
2 9170
7 9989
9 250
8 6405
5 8964
2 9160
7 457
1 9253
9 1990
3 1529
1 6354
9 362
0 8464
4 7329
1 1944
9 935
8 9231
5 9909
0 1867
6 940
2 2773
6 3521
0 2618
2 6099
7 9224
9 85
1 1120
8 5542
5 1568
0 7982
7 5854
3 7095
2 142
8 6421
4 7280
9 1977
1 7802
3 5000
5 4557
0 9077
2 687
2 5889
0 2654
7 711
6 3802
2 8698
0 7629
8 6280
6 5583
7 4986
7 4612
4 3149
9 6347
2 5590
7 9216
1 8099
4 8811
3 8271
0 971
1 8955
5 5385
4 7418
4 5603
9 6163
2 4290
8 9714
1 8180
9 3317
5 1115
2 3137
7 8920
4 9391
6 104
5 3245
9 6800
3 5731
0 2892
7 2401
4 899
9 3412
2 5203
8 9420
1 925
2 7233
9 3812
8 8347
5 3484
6 2946
2 9843
1 9180
9 7283
8 5532
3 1939
1 9290
5 4961
0 508
7 1561
9 2859
4 852
8 7493
6 2560
3 4920
8 7125
2 8183
1 202
5 9345
0 9319
6 4767
7 8394
3 1087
9 8568
8 4145
4 3668
3 1556
2 8292
8 8433
4 7967
9 9364
1 9638
5 7469
3 2491
0 1029
3 4276
6 1174
5 2193
7 5837
8 119
4 2891
2 2196
0 379
0 805
3 2251
9 9443
0 6969
6 4035
5 7382
1 4568
3 2499
7 2565
8 4429
4 7939
9 3106
8 6953
2 503
0 6795
4 4339
6 5155
5 4292
1 7703
8 5387
9 870
2 6259
3 3019
2 3570
0 9919
8 8754
4 5815
9 5661
7 4548
6 2417
4 2856
5 7608
3 998
2 2167
0 3066
7 3607
1 3176
1 1117
8 2437
8 7907
5 9501
3 9347
9 3377
6 6810
2 3969
4 3879
5 3817
0 9918
8 7895
9 6876
6 3150
1 4493
7 2040
5 6978
0 9846
4 6127
3 8680
8 2726
2 555
7 6985
7 4153
7 9478
1 9736
9 7864
6 2844
6 6988
5 2955
7 279
1 2050
0 6640
4 9091
1 9361
9 6612
6 713
9 2146
5 1662
5 1646
9 4833
3 4957
1 1097
7 4675
4 829
0 5077
8 1337
2 5443
6 1633
3 5086
9 2684
5 2743
1 1459
0 3009
9 4737
1 2248
7 4058
1 5569
9 293
0 6794
9 7874
1 7615
8 7347
6 2444
4 2082
3 3691
2 8268
0 6658
1 8373
9 1269
5 6574
8 1499
3 9000
4 6482
3 917
6 222
4 9264
7 5380
6 7614
4 6535
6 8855
2 5316
0 8285
3 6436
7 7155
4 5786
2 3741
1 5976
9 6972
6 68
3 1404
8 6885
5 9987
7 4239
5 1739
0 8839
1 4709
2 3892
7 1872
5 4550
9 6214
0 9024
4 9152
4 4686
1 6452
8 9110
4 7889
6 6153
3 4732
2 4461
1 9824
7 9318
8 8035
7 4542
7 7583
4 3381
4 2494
7 5313
5 7044
3 9044
6 9813
9 2346
4 9692
0 7497
7 2792
5 920
2 5042
3 223
3 6879
1 8296
6 5326
9 6418
4 6915
8 5349
0 4656
5 9983
7 1096
8 9660
2 546
0 9136
7 6023
8 1372
3 3642
5 6559
2 8031
1 1712
6 4929
8 888
3 5999
9 3874
4 6947
4 8629
1 7164
0 8489
7 750
6 7235
6 5882
1 2012
4 7021
0 6496
7 5797
5 9284
2 3647
0 2905
9 9591
7 1180
5 2544
4 5883
5 1043
4 1569
8 4504
5 8858
3 6495
2 9565
9 2866
0 4099
6 3644
7 7090
1 5789
6 1141
7 7109
4 8550
2 1937
7 5685
3 7630
2 4577
8 9862
5 5013
6 6108
5 6433
1 338
6 1350
0 6888
9 880
4 2876
1 3397
0 2383
8 7646
4 1338
0 8321
7 5958
3 6384
2 27
5 3857
3 1080
6 3738
9 4347
5 7092
1 986
1 2863
4 8640
6 3151
3 2600
0 9849
9 3639
8 1710
4 1354
7 3526
5 6548
6 1263
2 2339
1 9592
0 5908
0 2463
4 5424
7 6830
0 2691
5 1972
3 9367
4 3319
6 4151
4 4706
9 506
8 8982
6 2660
2 5281
7 4386
1 9957
0 553
6 2414
3 3006
5 3282
2 8886
7 456
2 4355
1 2191
7 6592
4 7796
2 1001
1 8780
9 5062
0 9219
8 9879
7 4297
6 5271
8 1929
7 8623
3 1258
4 2412
1 7078
2 7859
5 2741
5 2433
6 4205
0 7865
9 3020
8 731
7 4823
6 6008
3 2796
4 9186
2 5496
1 5792
1 8481
0 4923
1 9850
9 4470
5 9014
0 825
8 4013
9 9880
1 7112
7 665
7 6244
5 4383
6 8063
0 5470
3 883
8 319
7 15
4 305
2 4558
5 3011
0 9886
6 9597
5 7171
0 7499
9 5126
6 2157
5 6853
3 4245
0 9856
1 7029
3 6122
8 3784
0 2737
9 5795
7 4822
4 7925
3 6112
6 331
0 1603
8 1605
7 1637
6 8250
2 7708
0 5027
5 6609
8 7974
1 9697
4 412
3 3783
2 8998
0 1028
9 1625
3 2961
8 8439
5 7337
2 1911
1 190
0 9925
9 5343
3 4476
4 9877
7 9339
6 5733
5 5303
4 9482
3 3286
7 7354
2 4639
6 1062
5 821
4 3501
3 2471
1 2579
2 910
8 2016
7 5954
1 9777
3 8843
4 6170
0 3854
8 402
7 1047
6 699
5 8370
9 2030
2 7145
4 1110
0 4341
3 739
1 1277
1 7993
6 2403
1 6183
8 8782
7 8381
6 1022
9 8785
5 4680
4 9314
1 5167
8 1069
2 5251
7 4611
0 1472
3 168
1 3834
6 9589
2 314
8 6493
8 8323
9 3960
7 2805
0 3850
7 1532
9 3700
9 9826
9 1448
5 4063
3 6192
0 7496
4 6239
1 5598
7 3947
2 211
6 4776
9 9187
5 9552
4 1748
8 4200
5 7368
1 8020
0 6516
7 3248
3 2942
2 4720
6 6893
5 1253
5 158
9 3564
0 9283
7 5365
5 5129
3 1301
2 4162
3 8689
4 8893
8 980
6 8466
4 4984
1 7921
5 2155
1 7303
9 4868
0 110
5 6990
7 4897
3 8179
2 5945
9 9514
8 3649
8 8564
4 1828
8 7192
6 6398
5 5368
7 8828
4 6276
3 809
2 2161
2 6902
6 303
3 7352
1 6416
8 6357
8 181
0 1060
9 3127
5 1348
3 309
1 2058
9 9999
8 4834
7 4543
0 8087
3 2464
4 1134
2 4765
5 6843
5 9492
6 2607
9 8877
1 1816
8 2808
7 7789
0 2262
9 1481
1 5505
8 16
7 3117
2 6899
1 1830
3 4815
4 4819
1 9265
3 6117
2 1464
5 6040
6 6723
2 1706
0 1715
1 2867
3 2663
9 8122
5 3669
9 3212
8 1854
5 1265
2 3360
0 9894
6 8246
7 3613
1 1915
7 4212
8 1850
5 8204
4 2709
3 1480
1 5755
6 6066
9 5865
6 8651
1 5412
0 8476
2 4167
3 2692
2 1841
6 9388
1 2296
8 3457
0 8824
9 4475
7 4468
4 5695
5 3908
2 4391
0 4674
6 6342
4 681
3 4464
1 3470
9 816
8 3191
5 3771
2 9513
1 2279
7 3773
9 1053
0 5176
6 5965
4 4378
8 1863
5 7458
3 9903
2 863
1 94
9 8066
7 9625
0 873
9 1421
8 928
4 1104
6 6957
5 9817
3 9727
5 4395
1 3311
5 8453
7 6546
2 8311
1 765
8 5509
4 3962
7 6688
1 976
2 7364
9 97
1 9986
0 4128
8 7439
3 3119
9 7239
1 5394
6 102
8 2898
8 8543
5 1387
9 7742
4 5618
7 9816
9 9250
1 8293
6 8068
2 1223
1 902
0 3923
5 1555
3 1575
5 6031
8 9746
3 1914
2 4807
4 974
7 8781
0 4277
1 5555
8 4758
9 2629
6 2104
4 6927
5 2278
5 3975
0 712
3 2649
5 756
2 9663
1 4649
0 5831
8 5073
8 9757
7 7004
3 3315
8 2408
7 6130
5 8265
2 2787
1 9341
9 7115
8 2869
6 8691
5 9588
0 3169
5 8174
4 2830
0 9939
5 3767
4 8583
2 3274
1 4575
3 1445
9 4836
7 4360
8 603
0 6877
9 4703
8 8044
6 2493
7 1874
8 3314
0 5723
9 3566
5 1763
4 2834
2 5191
1 9330
8 3154
6 3022
2 6165
7 4845
0 7572
3 5577
5 2677
2 7268
4 5483
0 9165
9 5544
6 1470
3 6481
1 1757
9 6761
5 9564
8 932
4 7508
7 2906
5 4120
2 7030
1 2727
3 3089
0 6996
0 6413
9 7534
6 1077
0 5543
4 8319
6 3895
4 7114
8 9161
7 8209
6 4865
2 5650
1 1722
5 5834
5 6282
8 2756
3 1527
4 248
2 5267
7 2611
9 3667
6 6257
1 1287
6 2205
0 5384
8 2914
5 3882
4 9476
6 6808
3 667
5 7445
8 9884
7 2422
4 983
2 5173
4 3598
1 1912
6 5605
9 4213
6 686
4 4827
5 8944
3 3346
8 572
7 5556
6 9241
4 2142
0 6521
2 6726
5 6749
4 9183
1 1048
0 285
2 9512
9 1985
8 874
3 3465
6 3653
1 2839
0 8875
1 4536
7 7819
1 600
7 724
2 9172
5 6534
3 9510
9 3439
4 1121
8 7404
5 5376
5 7769
3 3989
9 8371
4 9050
3 1374
6 5824
4 7241
9 1923
0 517
6 1416
3 9369
4 1002
3 2744
6 6848
0 6188
8 6154
1 5822
3 7003
2 7585
9 9115
7 3886
8 8326
4 9102
5 1903
7 3602
8 9061
9 8335
4 2931
0 4389
2 2222
3 3756
1 9379
5 2917
8 3852
9 1840
7 6035
0 2033
6 1868
4 4924
1 1998
5 9782
2 3342
8 6061
3 2674
2 8148
8 9763
3 8881
2 1907
9 8591
7 6555
4 1791
0 7286
9 3058
6 290
0 8983
8 4564
7 706
6 7116
4 6242
0 1974
3 6414
1 6857
6 6054
2 9807
5 9732
7 7181
1 3353
0 5354
3 3527
9 818
2 3078
8 6173
6 6074
4 6880
2 7598
5 1261
6 7049
7 9154
4 6623
2 2405
1 3025
9 5796
0 5767
3 590
9 3578
5 1899
0 188
8 7881
3 2781
6 6278
7 8518
4 3113
9 4274
7 1227
4 3216
2 3820
5 8192
7 8842
1 8829
0 5698
4 1334
4 2376
2 9735
0 7459
8 934
4 3213
6 1244
3 2469
5 5673
8 9030
4 5689
7 953
8 8251
9 2934
6 1571
1 6892
7 4266
2 7762
3 2987
3 3744
0 2358
0 9629
9 3182
5 6271
6 4403
5 409
1 720
4 7262
6 325
8 8606
7 4155
7 2624
2 4077
5 2025
1 9441
3 6690
4 6773
3 5095
6 17
4 3426
2 8239
0 7631
9 2666
4 4207
0 4654
6 329
5 7487
2 2673
8 1300
6 2512
8 8678
1 170
9 2470
0 1441
7 3633
4 6805
3 2127
4 2072
2 9976
1 5052
7 2200
4 6919
5 9935
8 887
6 8897
3 9931
9 8054
0 317
4 5624
1 8900
2 1461
8 6134
8 7519
7 9440
5 9885
9 6922
8 2597
7 1917
6 7959
3 2370
4 2783
1 4964
1 1148
0 9228
2 9993
1 2608
5 7587
5 7738
1 7951
9 332
8 3383
0 1895
6 4379
7 7140
8 7862
3 4806
2 4055
6 554
0 2546
6 9635
4 8885
6 8081
1 1356
5 7244
9 8981
0 2988
1 6699
2 2539
4 8751
7 5043
1 6750
8 593
5 5878
2 5181
0 6194
9 6764
3 6311
6 284
1 6026
8 1703
1 8024
2 1833
9 1610
4 1809
7 535
0 8902
5 5867
3 4451
4 8593
9 7273
6 8901
7 7476
4 1864
1 768
0 62
8 2688
4 6652
2 967
5 9760
5 2817
1 2338
3 2440
3 7480
0 2772
9 7432
8 6208
2 4811
6 1745
4 2982
3 2420
7 5154
0 1384
9 5816
0 8399
5 3298
2 1242
1 1431
1 8115
9 9485
1 6906
0 7297
6 2002
4 1477
8 3198
5 7575
4 2492
6 3021
2 4060
7 3352
3 7761
8 1806
5 8279
9 1362
1 3002
0 8446
9 5108
2 2697
0 5450
8 7558
3 3687
2 571
7 6069
5 2568
4 7882
6 9083
1 6687
3 5262
9 5686
0 6684
8 1759
2 6872
6 6938
8 1483
2 108
2 1659
7 6528
5 1711
3 7867
4 218
7 857
2 8469
9 9332
1 2690
5 8762
3 4154
0 671
7 7324
4 1283
7 4241
8 1335
6 867
2 7977
9 8501
1 2668
5 7344
2 1297
3 8546
1 3160
0 1892
1 343
1 2172
7 856
4 4214
8 3503
2 2735
6 2778
5 3869
4 2535
3 6825
7 6611
3 1205
4 693
9 3320
8 8547
3 6536
0 8494
4 3210
5 785
4 6696
9 1203
7 4926
5 7509
7 2169
1 4487
3 1838
1 3977
3 3129
8 5116
6 8589
0 3842
2 8328
9 8402
1 2549
8 830
3 3029
7 9299
5 6085
6 5125
4 9923
0 4515
9 2645
8 2689
8 141
3 9659
1 7518
5 5718
2 1767
8 6740
1 3731
3 7151
4 4278
7 8462
6 6503
8 4623
5 6100
2 8797
7 2269
0 7691
5 8412
1 6762
3 1192
4 7750
9 6731
1 9229
6 4790
8 2181
6 6062
4 8586
2 8943
0 4754
7 4186
5 1904
7 3776
6 6196
5 9703
3 7461
7 3159
4 1435
9 1433
1 5929
6 2110
2 5548
0 6263
2 8069
8 7088
5 3678
8 926
5 1236
2 6755
0 6784
4 2656
0 5110
2 668
9 245
4 3262
8 9585
5 5746
3 7714
2 6104
7 3123
1 6444
6 5684
8 5563
1 7256
6 8575
5 5020
3 5186
0 2894
8 9754
1 732
4 2300
9 8325
9 9486
5 3173
3 3858
2 513
9 371
7 6223
0 6428
0 2204
6 1247
5 5739
8 5762
6 3059
3 811
3 8884
1 7158
2 737
4 2515
3 1694
9 3161
6 7892
7 9871
0 4247
3 1089
6 3361
5 6355
1 2786
2 3291
8 2698
4 4953
9 5061
7 6126
6 2840
9 7694
5 1674
0 5610
2 2865
0 3634
7 9616
1 6604
6 3620
6 7045
1 7685
9 675
3 2117
8 2706
6 8214
5 2010
9 4745
4 4938
9 588
2 7452
8 2123
7 4028
0 5663
6 7899
5 6075
4 7265
1 5880
8 6215
3 4195
5 7940
2 3203
9 3513
7 9484
4 8600
0 1109
6 8049
9 3370
8 8834
1 149
9 1037
1 4411
8 6596
7 9062
3 205
7 3168
5 4853
0 2192
2 7976
9 8477
6 3893
7 1009
0 7938
2 240
4 8630
3 6878
9 8149
5 1498
1 8193
8 6228
8 7528
1 9053
6 6989
4 674
7 6390
0 8351
8 3044
3 9356
2 8941
6 6526
9 8654
6 2213
5 7922
4 1446
9 5530
7 6850
6 7080
4 1940
0 9917
9 9834
8 3750
7 5847
5 6741
1 6497
5 9473
3 8551
2 5157
2 6525
6 5860
9 8729
7 1642
8 6513
4 5641
0 1302
8 302
7 2811
5 111
3 2593
1 2197
8 9671
7 5383
5 2676
3 3466
6 8019
9 673
2 2724
0 2483
4 1393
2 3870
8 7635
1 6432
8 1805
7 3004
8 6478
5 622
1 7741
7 7502
6 8342
3 8506
9 5228
9 2360
1 4608
8 9809
5 8141
2 7920
9 9749
7 3577
0 7964
6 3595
7 7042
4 9549
8 4886
1 4410
0 9105
3 2367
5 9520
2 4556
7 5426
9 2599
0 6167
1 8199
3 3305
6 3701
0 2693
1 5008
5 990
4 6553
8 9010
3 7259
2 1950
6 3912
2 6835
7 2130
9 6048
0 602
6 9973
1 9526
4 3032
5 8883
5 1376
2 8037
8 5534
7 3575
2 5100
9 5084
3 5645
0 7647
8 6090
1 1466
7 8795
1 3351
6 8713
1 2835
4 495
2 9965
6 5648
5 7005
9 9519
1 4828
2 5871
4 7683
2 6138
3 5872
0 1949
6 9666
4 3808
5 8502
9 2332
8 1468
9 2883
7 7950
2 4437
3 4641
6 3388
0 192
1 839
7 8437
1 5103
7 2841
4 5758
2 6537
7 5274
1 7929
6 5932
3 3012
7 3993
5 1342
0 3256
8 3082
9 3323
4 6470
6 5652
3 8770
2 7919
9 2434
4 2435
6 9900
4 6807
5 7010
1 4772
6 7336
3 6123
2 7031
9 2180
0 6993
0 4295
9 9609
7 8114
6 5245
4 4970
3 3574
8 3237
5 963
1 9249
2 7340
3 2968
9 9971
5 1692
7 2848
3 9773
0 5382
6 4015
4 2479
1 5528
2 2774
8 6389
2 8047
0 2134
6 1308
4 4840
5 9464
9 8166
7 7348
3 6538
1 2202
5 6732
1 854
7 4791
2 6864
9 5091
1 8752
8 5419
1 9706
8 1240
3 7891
0 4056
3 1909
0 8520
6 7555
4 2537
3 8566
5 632
6 4561
6 6292
1 4397
3 6092
7 4843
3 8957
2 8327
9 9130
2 6912
1 6191
0 5919
8 2179
4 4581
5 5566
0 8059
1 1560
6 9668
2 8398
6 1405
8 1528
6 5151
4 6370
3 1593
7 1736
6 1126
4 1734
0 3615
8 3347
9 663
8 1358
9 8728
8 2641
1 2154
5 3718
3 2103
8 156
2 8937
9 4104
7 827
1 2819
6 8685
4 8377
9 5461
4 1496
5 30
5 9207
4 7046
7 1098
3 477
0 2915
7 9818
4 9865
8 359
1 1525
2 7284
8 5561
6 6119
6 4322
1 4697
9 8040
5 8662
1 9779
9 3845
3 6986
2 4764
0 5353
7 92
0 4508
5 9764
4 2075
5 9653
1 372
8 276
4 2956
9 490
6 6961
3 6619
1 3115
5 7666
8 2814
1 4670
2 6053
1 14
8 900
5 6798
7 5637
0 8187
1 3367
4 8345
2 9617
9 6476
9 83
9 6656
7 9878
5 6447
6 9938
8 2971
5 2732
6 2097
0 6855
8 1753
4 4190
1 5961
3 6206
5 2712
2 5006
3 8282
1 2661
9 2864
1 2567
7 5037
9 5187
1 8539
0 8023
8 7569
2 9574
4 4458
6 4817
7 1897
6 3967
5 9354
9 5804
1 6064
7 2742
0 3485
6 196
3 4691
5 8549
8 2143
5 1810
2 1116
9 5377
4 3471
7 2900
5 7190
2 1730
1 8330
8 3549
8 2984
0 8570
8 2484
9 46
0 8701
9 4629
6 6471
4 3196
8 3742
6 7903
3 2343
7 6249
0 1198
8 9561
5 3343
9 2998
2 787
1 3163
4 2390
3 3954
7 7595
6 4173
3 6624
9 2604
5 3637
2 7385
9 6715
7 5182
8 4616
6 9728
2 7172
0 1653
9 6865
4 8645
1 1183
4 1451
3 8001
8 8277
3 4887
8 9685
9 4871
5 9947
7 2716
5 1292
9 6777
1 6140
6 8450
2 979
8 1221
5 1920
3 9305
1 9719
0 9767
3 2670
4 4164
6 6814
7 1196
7 3933
2 3550
9 9358
8 946
7 4943
5 6181
0 7406
1 5263
3 3045
4 4848
5 6911
0 2495
6 5709
1 8655
4 7149
3 9982
2 460
9 682
8 2519
5 1378
1 1563
0 7941
6 3863
7 8616
6 5720
4 1154
7 5158
6 8368
4 6155
2 4358
3 3972
9 7953
7 4601
6 8814
4 9359
8 4750
4 8409
5 6916
1 58
0 6045
6 8403
7 3410
5 9959
2 642
1 8994
9 9329
3 4589
7 2889
8 5371
4 1650
3 2951
0 3429
7 5901
6 6169
0 1919
7 9815
5 662
2 1948
1 327
0 1352
8 8936
9 5407
4 239
7 4948
4 487
7 5361
4 3580
3 7074
7 7126
5 71
2 533
1 114
6 5894
4 7322
0 9427
4 4566
6 1111
9 9493
8 4958
3 4716
6 7373
5 404
7 791
1 5765
2 6551
3 7363
0 8672
4 6323
1 2598
9 3473
8 7808
0 7787
7 6815
7 2051
6 9256
7 2827
6 8247
5 7162
3 3345
1 4250
2 9535
7 9430
6 52
5 1359
4 2430
1 969
3 312
2 3798
9 6265
8 7759
7 4580
6 1553
5 9081
5 1559
4 1946
0 6661
8 8709
6 2391
3 3478
0 6098
1 1871
8 6994
2 8608
6 2903
9 9325
0 4093
3 8306
2 2843
8 441
1 7590
7 2498
4 729
5 6552
6 4690
5 200
0 2138
9 7798
6 3770
5 4652
3 6847
8 7744
0 6177
2 5478
7 2396
3 423
9 5664
1 3803
6 9975
4 4080
0 1870
5 5058
3 1105
9 3167
9 7014
1 4513
8 1699
9 7797
6 5580
1 5616
2 5026
8 2806
4 3654
7 2502
0 2047
9 2765
6 482
4 4373
1 8674
8 5448
0 235
7 6237
5 3987
2 7403
3 9619
6 9658
3 8871
2 9968
6 8129
4 4109
3 6043
1 1293
8 4740
9 2879
6 5899
4 7623
2 8860
7 2397
1 6820
3 912
9 9086
3 3088
0 4734
8 7342
5 8420
8 4495
6 7790
6 9887
8 1254
4 7249
8 4196
6 5892
2 7843
7 2054
4 2288
1 3046
6 7861
0 9018
9 749
3 8590
8 2610
5 7011
4 4103
4 1391
2 5628
7 5557
2 3573
7 2592
9 2625
1 93
0 9179
2 1286
6 7357
8 4881
7 1660
9 8236
8 1616
7 5314
3 7309
9 8723
1 5646
0 5405
5 6983
0 2612
5 9921
8 3118
4 3247
0 7229
7 9042
3 4022
8 3752
6 4588
2 6348
0 3909
9 4416
1 6469
0 7551
3 3514
7 5040
6 1773
1 2441
8 2428
3 9404
5 2234
2 6453
4 6635
1 9206
9 2771
0 2379
7 9933
2 8218
2 5498
3 8105
2 7605
8 4859
6 2057
1 5364
2 5148
5 4265
4 3204
1 1389
7 44
1 2933
9 2359
7 3703
2 5631
1 6995
5 7019
0 1623
9 3680
7 8818
3 9209
4 5627
1 6862
8 8480
6 1953
9 5672
8 438
3 3684
7 7136
4 6464
2 6642
1 2225
5 8262
0 476
7 3848
6 9958
8 8150
9 4883
3 615
2 1197
5 9620
4 3284
6 2185
8 2465
6 7628
1 5150
0 8157
7 2703
8 7419
2 660
3 1122
9 2008
9 2991
5 8733
1 3144
6 6078
1 7712
0 3599
4 6091
7 4849
5 6034
0 6712
6 8597
1 5995
8 1521
7 2149
2 5131
0 7100
3 5192
4 2071
5 430
6 1943
8 7902
9 2175
1 6981
8 1984
0 6236
7 6587
9 1781
4 2017
1 8761
2 9237
8 133
3 8425
5 8767
9 4681
1 1259
7 1427
0 7230
6 2630
3 8170
6 5582
4 7203
5 9867
1 1819
8 1064
2 263
7 3476
9 7053
5 6435
1 8658
0 2845
8 7869
2 368
1 2362
3 5956
0 4020
6 6067
4 6766
2 9833
7 3592
3 505
9 6463
0 4337
5 3734
3 1777
0 8217
5 6747
8 5400
6 4722
4 5936
3 167
1 5896
1 6446
0 9928
2 7275
7 6233
5 1125
8 780
1 4188
0 1054
6 6373
9 7234
2 8233
8 4936
7 3396
1 9631
3 4553
5 2571
4 4426
9 1107
6 3876
0 4693
9 7633
8 4417
2 5614
0 6791
9 267
1 3880
7 9647
4 9336
8 1797
5 5931
3 587
0 4774
0 2523
8 4428
6 7367
3 6695
9 9148
8 7139
1 4516
0 4700
6 4431
2 1514
7 5045
6 1257
3 1370
7 5206
2 1377
4 3178
9 4094
8 7749
1 4759
5 395
2 5827
2 4005
5 1554
0 132
3 5003
6 964
2 4131
7 6898
6 8234
2 4026
9 3096
4 387
3 3614
8 6930
1 7393
2 1714
5 3140
9 3072
4 3883
0 9699
9 3915
7 1026
6 8495
3 4472
4 3931
0 9107
8 1607
8 881
9 2326
8 1936
7 9068
6 5069
9 2299
3 8707
3 7601
1 9127
3 474
4 9511
2 2201
0 6774
7 4206
5 9113
6 5398
9 694
2 3697
8 1135
7 2935
7 3409
1 7954
7 5481
5 340
3 3200
6 1947
9 1019
7 9199
4 7530
2 6322
0 8478
2 3263
8 9311
0 3228
5 8211
3 1551
9 8856
6 204
2 7186
1 4480
0 6051
7 5301
0 5730
7 1204
4 3356
0 7671
3 6081
5 4101
5 813
7 776
4 5783
8 9006
2 1999
0 4762
9 6375
6 6703
5 3223
1 2911
7 7972
3 2028
3 9864
2 6243
0 2601
6 1114
2 8309
5 7602
0 5207
8 9725
4 1375
1 5597
7 3183
9 858
6 6042
7 5178
2 3253
3 8184
7 5659
9 7586
6 3148
5 3309
8 7563
4 9405
0 7058
2 4047
6 8249
9 1793
1 9394
3 131
5 6802
7 9805
0 6618
2 4813
2 7556
0 7773
4 9134
2 4434
8 6845
3 5696
1 961
0 7937
0 9475
9 4065
6 2311
5 5601
0 7128
6 6706
3 7473
8 4913
2 1045
9 3307
7 6817
4 851
1 3330
8 3364
6 9245
5 1756
1 1415
0 6530
9 6505
3 3959
2 3973
9 631
7 8764
2 6824
4 7184
6 1992
1 5272
7 8389
0 6110
4 4851
2 73
3 1513
8 1108
5 2021
8 7537
2 1594
6 988
9 5875
3 3000
5 4089
1 159
6 5851
7 5747
3 6881
5 5050
2 1956
8 1798
0 3060
9 5862
4 354
1 6437
4 6047
6 1143
4 3084
7 9046
6 294
2 5411
5 6403
3 9004
4 8359
8 812
7 8220
8 4159
9 7736
8 3090
0 2056
7 8560
6 907
9 614
2 6455
0 3587
8 8263
1 8895
6 2967
5 7453
3 7591
7 6366
9 8913
4 7612
0 9500
0 9676
2 6393
8 5630
2 1967
1 1652
8 9775
6 8181
7 9863
5 7549
4 5778
9 5700
3 4023
2 2363
1 4191
3 3594
9 5737
8 6457
6 6222
7 8050
5 1420
2 4713
2 683
1 6910
0 2218
3 5690
4 1924
2 6564
9 9662
8 5910
1 278
0 2236
3 817
1 1200
0 5693
6 2069
4 676
1 6220
7 8375
5 1229
2 462
9 8006
7 3965
6 806
4 8382
1 1761
0 7133
8 7434
9 8708
3 8401
8 6950
0 4905
2 6576
9 6964
5 5130
0 3275
7 4538
6 1
4 8716
1 747
9 2722
3 3027
2 8108
5 7854
4 7780
6 5302
0 959
1 2424
8 5766
7 9452
7 4637
5 499
5 7561
9 2595
6 9124
3 1731
2 2763
1 5333
0 2846
9 241
4 4838
9 2644
8 3768
6 4492
0 1579
7 1339
3 1945
2 3766
1 1119
8 9573
5 2532
4 5265
0 9412
7 6218
4 4123
3 7624
9 1367
2 5924
0 3358
7 2504
6 2060
6 1881
4 3839
1 9759
8 1396
9 3711
3 6241
2 4083
6 9433
4 2631
5 5454
0 5330
1 6306
0 5298
7 8659
1 4210
0 6254
7 645
9 8541
3 6632
1 8516
6 5168
4 9802
2 502
6 1900
8 7386
2 6924
0 6175
5 2044
4 8869
9 5805
7 2754
8 4352
6 8553
2 6404
5 3525
0 9643
4 4242
3 155
1 6720
8 5859
9 4856
7 304
9 8542
9 6595
6 6203
2 9097
7 5216
5 8973
0 970
9 7501
4 5923
9 4380
2 2221
6 5898
9 7544
6 777
6 259
3 945
7 3675
1 844
6 9415
8 1988
2 2140
9 1298
7 2664
9 7310
7 2136
6 6058
5 18
0 5613
9 5722
5 2576
4 4454
3 7933
1 3585
8 3444
6 5433
3 5913
0 5553
2 1765
1 766
1 3710
5 7514
4 2323
1 5745
7 3131
5 6377
9 7668
6 6005
4 5732
3 2331
1 1814
4 991
7 3991
4 7540
0 4491
3 8831
2 297
8 2080
5 2115
4 2986
7 779
5 1061
4 6615
2 3906
8 5358
3 3382
0 3571
9 7536
6 651
4 3877
7 8107
5 9823
1 2313
2 8461
0 8604
8 1548
3 8599
4 9762
9 194
7 6900
6 4606
7 1216
6 4908
6 9410
7 669
1 6714
6 5445
5 8852
8 5195
6 9333
8 9429
7 9858
6 2514
5 8768
2 4312
1 1592
0 1719
6 8643
3 6874
8 9678
7 6157
5 2713
4 3508
8 7726
7 5166
5 7660
4 5992
9 8016
0 788
6 914
2 6890
1 7926
7 5111
3 3329
6 9930
5 7574
0 4150
8 9595
7 538
9 1251
4 5586
6 6234
0 9806
1 6729
7 4602
9 1585
4 2429
2 1599
3 5213
