0 3378
1 7142
2 54
3 6371
4 8241
5 3035
6 6290
7 9954
8 7775
9 790
0 367
1 4638
2 9248
0 7871
4 1928
3 3350
1 8676
5 6828
6 3034
7 2162
2 1202
8 7208
2 5034
9 7413
0 7702
8 8833
4 3040
2 721
2 6057
3 65
9 982
1 6430
1 1862
0 4993
5 9622
1 1790
6 2981
6 8007
8 7833
6 4160
7 9075
0 9853
4 3067
6 8276
7 5567
7 8970
2 2488
5 8779
7 8032
1 5802
3 8514
9 7194
5 2874
7 6095
8 9257
0 3828
1 560
2 4062
4 4288
3 8512
6 2239
0 984
2 56
9 6442
0 8136
7 5465
5 6141
8 2990
2 8794
2 4785
1 373
6 6480
2 9772
0 2718
4 5657
3 8868
6 7682
5 2023
7 4306
9 9729
6 1266
8 2497
0 2583
3 6945
4 183
5 2098
3 306
4 7482
9 7523
3 8431
9 4792
1 5395
2 4372
5 1289
9 1958
7 4361
4 5051
6 9400
8 6131
3 2899
0 7411
3 9488
9 1207
1 1315
4 8447
9 6407
3 6582
2 4019
1 5751
5 2177
6 8953
4 800
6 8527
8 7264
3 4257
4 1612
7 5814
9 8463
6 2916
2 9969
6 7285
2 7465
0 8152
1 420
8 8064
2 6227
3 613
4 6889
7 6836
5 3955
9 3141
9 5678
1 1215
8 6419
9 7227
2 2556
1 4236
6 6799
3 886
4 6812
0 4860
8 283
7 6096
9 2686
0 9278
8 2186
9 8536
7 1024
8 1160
2 9446
0 4928
5 7840
1 661
6 6379
9 4520
7 4551
9 4829
8 8621
2 9203
3 1439
4 2219
5 5803
0 6337
9 6283
1 7454
6 4979
3 1768
4 4221
7 6011
8 1536
2 1407
2 3428
5 1737
2 70
0 4873
1 3548
0 6790
6 2696
9 4712
6 8743
3 8909
5 2924
9 5917
2 307
4 4935
6 1278
7 1320
1 7399
5 9603
2 2957
4 4965
0 237
8 8765
7 6156
4 3591
3 957
9 339
0 2139
8 5615
6 6571
6 9559
7 3769
5 1386
1 4016
1 4042
7 5538
2 6542
4 260
1 4402
7 4757
3 7664
4 4761
5 8491
2 7657
9 1860
1 4533
4 6382
0 9035
1 9495
8 4307
6 641
7 6415
4 4157
3 3302
5 1319
8 4902
2 3943
9 6325
0 5817
6 9100
1 9171
4 1749
3 2074
1 2632
7 7388
4 1931
3 5808
2 7698
5 5518
8 4121
7 4486
9 1873
1 2715
8 4715
9 6056
0 6685
8 459
6 5243
9 6928
1 2388
0 3171
9 1628
8 2256
4 9261
2 9673
3 3181
5 9705
0 4014
7 5619
4 9828
6 3797
0 3295
1 8878
5 658
9 1194
8 985
7 2880
2 758
3 3112
0 2235
0 1444
1 4627
5 2392
6 1156
1 2895
9 8972
5 2159
7 8045
4 19
7 2460
5 8773
1 2135
3 6657
6 539
8 7218
7 1155
9 1469
5 2137
2 952
2 6041
2 8578
4 4687
0 6394
2 9613
3 446
2 4217
2 8899
6 637
3 5346
1 8572
6 9342
2 6506
5 333
9 7237
8 8722
3 1584
6 6027
1 3403
7 3685
6 4915
1 8528
2 5874
4 1101
0 8175
9 9579
5 4782
8 4972
1 4082
1 8363
3 4821
4 1764
7 5089
7 5356
6 9582
9 8574
7 5258
9 8866
6 2801
5 9273
9 7910
2 7737
8 8171
0 1533
7 3800
9 5620
1 4499
0 369
3 5048
4 4251
6 5134
0 7842
3 7353
5 9244
3 6314
9 5331
0 7152
3 8581
1 2092
2 4285
8 4784
3 5423
6 6681
0 9072
4 9791
7 2320
1 4400
5 7723
0 7935
4 2152
9 9812
2 1758
2 3497
2 4134
1 5017
2 2351
3 4396
6 7625
7 2945
1 3851
8 9155
5 7758
5 4034
2 6870
9 536
5 9876
0 5487
2 6849
4 8140
3 7825
6 5741
9 2919
3 5612
7 6068
6 1046
5 4647
8 2295
9 7429
1 1804
0 281
6 9859
2 1423
4 1771
5 2570
8 4744
2 191
9 3836
8 5304
4 1893
5 5324
2 8036
3 7800
7 8011
1 4117
8 5574
9 9302
4 3833
6 5300
0 1981
5 8561
2 4275
7 8867
3 7104
2 8074
1 4779
9 5065
7 7486
4 3229
8 4078
2 2842
4 9726
8 7409
0 1672
4 4132
6 8029
0 1964
1 3945
4 2131
5 2585
9 4114
7 9710
1 3405
3 8951
2 1239
8 7350
4 4007
5 2996
9 6887
7 6014
6 628
1 3085
3 3402
0 9285
0 7599
3 7893
2 8197
4 7425
8 7266
0 2606
3 4283
3 7387
2 2659
3 3128
5 5951
9 1500
7 1902
4 2734
2 8042
6 4189
8 7495
5 3789
0 904
1 9604
9 2812
0 9502
1 5250
7 9995
9 231
3 5179
3 8344
2 3254
6 995
0 7365
2 1331
8 4256
4 4187
1 5319
5 60
7 2995
2 569
4 3792
1 7807
5 1379
8 3362
9 414
2 1478
1 3891
3 8888
6 328
7 8896
0 9955
9 7477
1 8594
4 99
6 4455
7 5701
0 8261
9 1639
5 5202
8 5138
1 299
2 7242
4 7868
2 7043
7 9768
0 2416
3 9536
2 836
4 6417
7 7343
6 4830
0 5810
3 1550
9 3778
8 8411
5 9114
2 5644
4 1162
1 1226
0 4305
1 4311
7 5607
6 4660
1 7071
3 7832
6 7522
9 921
8 3873
5 87
3 2253
2 8784
3 5041
4 7289
6 9832
4 7276
0 8
0 9780
6 206
7 1380
9 3491
0 7901
1 282
4 344
8 3957
5 6670
2 6251
3 9233
6 219
4 4180
1 5254
3 5774
9 5070
6 1327
7 3180
0 7896
1 4399
5 5201
3 9353
8 2217
2 9125
6 4954
7 6003
7 8397
3 3098
5 7417
7 1574
9 5706
4 5451
3 6529
0 3411
4 8139
5 9450
1 4017
4 8283
7 9836
8 1843
9 5920
5 7000
2 3530
1 3925
3 3294
6 9751
0 225
6 4418
0 9621
8 4033
0 2802
6 8841
4 399
7 6307
9 6289
5 3929
2 208
0 2353
6 3276
1 3
8 4425
3 3438
7 5101
4 9106
5 8302
9 2406
9 3303
8 7765
1 2531
9 942
0 5886
2 6733
6 7593
3 9756
8 7945
7 6036
4 5345
7 8159
9 5911
1 2554
0 5492
4 6944
5 32
2 2960
0 3234
4 4039
7 620
9 3452
5 7748
6 7930
3 1052
1 1986
7 3747
8 8908
0 6858
4 7548
7 3536
2 5565
5 616
8 3612
6 6256
2 8705
0 7670
0 2
9 7811
3 151
5 7580
8 2938
2 8921
5 7299
0 9963
4 5159
1 7971
8 9054
9 8735
7 9217
3 2212
6 1157
2 9657
4 1008
5 2838
1 6769
8 9281
0 2634
9 6838
3 8135
7 4368
3 2538
5 3951
7 8222
8 4346
2 7338
6 8499
4 7498
6 6840
3 8815
4 3522
0 1769
1 9546
3 2312
4 8744
5 4359
7 1887
0 3337
7 3415
1 3997
0 7846
8 8930
5 9195
9 422
1 8182
7 9980
7 2489
2 1340
0 3487
2 3910
6 524
5 169
2 7488
3 1913
4 8571
1 207
8 9221
6 3398
9 2048
3 4122
0 4794
4 9227
3 6190
7 1837
0 2831
4 7860
5 8916
1 1707
2 4227
3 1013
8 2077
7 40
6 4980
3 1966
3 3772
0 1153
8 8338
7 2170
3 6940
0 4369
9 5549
0 6869
4 1003
5 6345
6 9700
3 6385
1 9184
5 4974
2 5881
4 7436
8 3071
7 3748
9 5809
0 9117
2 2559
3 8026
9 4555
2 8391
5 9101
8 1547
3 7665
6 2828
2 4139
5 6943
4 288
1 9313
3 5890
0 7410
7 7641
6 1836
2 7328
9 8413
1 461
3 3217
0 8956
8 7817
6 3529
5 3853
9 9040
4 3255
4 2517
7 5147
1 6060
4 3696
7 9641
2 9978
3 5930
1 5558
0 7072
2 7221
8 55
3 2145
4 334
1 6007
6 7349
7 548
5 5291
2 199
5 7997
0 8167
9 1591
2 6202
8 4644
9 1831
4 3758
2 7991
6 924
2 5164
3 8562
8 1465
1 2240
2 1299
7 9382
4 50
0 2226
5 3101
6 9801
1 8467
9 4824
7 7217
3 4046
7 408
8 5185
7 5264
8 4547
3 8631
4 892
3 6960
7 8256
2 8577
0 3207
8 3373
5 5355
6 5140
1 6904
6 2007
3 5921
4 1687
9 4775
2 1305
7 3518
8 4232
0 8958
5 5255
5 5639
9 2602
9 5283
0 292
7 8333
0 7879
1 6617
6 2141
5 1189
0 7206
3 5044
4 4723
5 1597
0 6581
8 4665
9 7849
2 8948
3 563
7 8985
1 195
0 802
5 6250
6 2833
8 6821
9 6149
2 7553
2 480
4 8353
7 4342
2 9267
3 4258
4 9296
1 4918
7 8788
2 6738
0 1411
3 2207
5 8924
6 1086
8 9979
4 4783
1 3031
9 48
7 9997
2 3765
3 782
3 838
5 2274
0 4949
3 5608
5 4408
0 7521
6 9741
3 4072
5 7251
4 578
8 1095
4 6514
1 9953
9 4218
0 3023
7 5184
4 9667
8 7017
4 7503
8 7282
2 7715
6 8686
1 7648
3 2767
4 8774
9 997
5 7281
0 8208
6 9665
0 3545
1 4382
5 8850
7 7359
6 2452
0 9402
1 396
4 7969
5 3557
9 862
7 6082
8 2882
2 4327
1 895
4 1951
3 2573
5 1531
6 1534
0 3733
5 8652
9 4872
8 8949
5 6286
2 7852
7 760
1 8746
4 4525
3 9568
5 7427
6 8995
0 6775
2 2937
1 7909
7 9522
9 2340
4 4423
0 547
8 3814
2 4969
1 3014
7 4021
8 4332
3 5276
2 6281
4 9309
9 8348
5 2328
0 3138
6 7863
6 6666
7 433
8 2014
8 3482
2 6235
1 2195
2 4163
1 8421
9 8670
2 647
5 1395
0 1443
3 7710
8 2436
9 4366
4 4374
0 9326
3 6725
8 4688
6 5578
9 5848
1 6570
2 7831
7 8444
5 7457
0 353
6 1726
9 7962
4 2527
1 611
7 4357
3 7371
3 6754
5 3069
8 7785
5 4059
3 512
8 1954
8 6101
0 8137
6 1709
5 5015
8 2837
2 9648
0 8807
3 9794
9 4067
5 1004
8 2804
1 8320
4 9992
6 3422
7 4877
3 679
0 8821
2 2306
9 6317
8 4489
4 9282
7 5340
5 7400
3 1935
1 8104
0 229
3 1735
6 78
0 4031
1 8727
2 9289
6 4100
9 9985
0 4990
3 8041
8 8717
2 146
1 1636
2 5210
4 6001
6 9915
7 9576
5 828
5 1578
8 1720
9 5404
0 1414
2 2287
8 8653
3 837
5 5593
4 9240
7 1083
4 2482
1 8088
6 3505
2 1312
9 8641
8 9166
1 3785
6 7370
0 8089
5 8215
2 9645
3 8008
7 4537
0 1217
5 2064
9 4296
4 8931
8 8625
1 8290
6 1371
6 8362
7 9145
0 2369
5 5843
2 6644
7 7129
9 9306
4 75
0 5289
3 8442
2 5660
5 2329
8 4931
2 2404
7 6743
9 7166
5 7296
8 4329
1 8976
4 784
2 3068
6 4351
7 5297
7 5133
9 5347
5 691
0 2775
7 3224
8 5366
9 5697
4 6451
7 2227
9 3239
1 2307
0 5308
3 6913
7 7271
1 8585
2 4689
6 8980
7 8299
1 5904
2 9451
5 2052
8 5275
6 5939
9 6882
4 4209
1 1617
0 4356
3 7760
5 3483
0 9587
8 9639
5 2969
6 3177
7 3441
0 9730
9 4226
2 9845
9 5853
8 7383
4 6094
5 9033
1 7440
3 8847
6 2000
8 1324
4 4742
4 9020
0 5708
5 7721
7 9255
4 9387
1 4240
3 3349
2 4143
5 8596
2 1834
6 8206
9 1209
8 3985
4 9037
5 6381
1 1020
0 519
3 577
7 8699
4 6285
5 4260
5 8671
2 5984
6 2614
1 8010
9 793
2 1884
8 5010
6 9770
1 5702
3 6294
0 5812
3 5649
9 4036
2 7757
7 9715
8 4651
4 3172
6 8266
3 1397
1 5948
9 8525
5 2513
7 5993
1 2994
2 1787
8 3289
5 7542
4 2530
7 3589
6 6274
0 198
6 8665
1 5670
2 5866
6 5132
8 9602
3 1505
9 9262
1 3236
3 7182
5 4129
2 5740
1 6489
4 9599
7 2687
6 7481
8 7996
2 3656
3 2476
9 5820
0 5428
4 8313
4 3015
7 3629
0 9029
4 5253
6 7847
5 5056
1 5568
8 4818
4 1811
6 1980
7 9717
0 9032
5 2321
3 6664
1 5177
4 9070
6 3057
8 163
2 5234
0 9950
9 1418
7 7345
0 2093
2 5161
9 3635
7 5736
1 9390
5 5488
3 7777
6 3393
3 7513
0 831
6 3061
4 1460
2 7638
8 3290
4 9748
8 5227
0 1090
3 7135
8 9276
0 1000
6 5004
8 4069
9 5102
3 9015
7 9518
1 8358
8 2518
2 105
6 3794
3 7159
4 3628
5 1133
6 9293
1 4348
0 9016
8 481
2 3436
4 9222
3 3308
2 8876
5 6501
9 6303
4 9084
7 2264
3 8017
6 3831
0 2501
2 6676
3 757
1 6914
5 3603
9 5997
8 7317
2 4053
4 3186
7 1007
3 9543
1 4040
3 2910
5 1329
9 9147
1 7639
6 6605
3 3676
8 9279
0 6221
0 4445
5 884
2 5311
9 4385
1 148
4 421
9 5455
5 9093
6 4855
1 8569
2 3271
3 3051
7 3414
8 4137
1 5165
0 7875
4 6037
9 28
2 689
5 2953
4 4659
6 5838
8 7998
5 3087
3 9611
4 1969
0 3086
7 7688
8 564
1 8696
9 5403
2 440
9 1738
6 8278
3 8294
2 2425
9 542
4 7573
0 2717
6 7577
7 8004
3 7187
5 3435
3 9675
7 2037
8 9504
1 2561
5 3371
5 5905
3 5947
2 2302
7 6859
9 228
3 5099
4 1039
2 5458
8 2325
0 9607
0 2099
3 492
6 5967
0 8258
1 1775
5 6929
4 1519
2 5009
0 5231
6 7189
7 3264
8 8000
9 824
4 7146
8 9348
3 4088
4 5279
7 4517
2 8530
4 1626
3 2049
0 7716
9 1255
1 7001
6 9349
5 9636
8 8783
2 9
3 3495
1 2764
4 4942
5 2413
7 5318
9 8595
8 8646
6 4436
7 1455
9 5268
0 428
2 4474
8 3822
6 2829
0 6763
2 8863
8 705
7 9857
1 2268
8 6630
9 2265
3 8406
4 9712
8 4483
5 4839
3 525
4 4344
6 380
5 5436
7 1392
0 5024
9 8015
2 7913
8 3328
6 1604
6 9242
1 5337
5 5868
3 365
4 1812
4 7257
9 8607
6 1613
9 4664
1 4169
2 224
9 3336
5 8935
7 3795
0 4421
1 3005
3 5819
8 7450
5 4181
4 3166
5 6258
5 9308
6 9527
0 7510
5 8939
1 80
6 6509
0 8730
3 9528
5 5775
2 5953
8 4317
9 6198
7 9132
6 6603
4 7226
1 516
5 6350
0 6520
2 5554
2 7236
3 9095
2 723
3 2020
7 7851
8 1581
9 7215
6 2511
2 855
3 4522
6 1041
7 1442
1 7617
8 865
5 7766
9 6485
4 1475
0 5858
2 6083
3 7718
6 9596
1 9156
3 4170
5 6400
6 1665
7 2989
9 3125
3 4743
1 1132
8 2868
4 434
6 2993
6 1093
5 4419
7 3790
9 6116
0 9672
2 4861
6 9831
5 3917
8 2289
1 5066
3 6135
9 2653
4 7431
0 9002
5 5714
4 165
7 2267
2 3986
5 8086
3 9634
6 4481
8 7200
1 7102
4 8080
9 3509
7 2759
0 5776
2 6873
5 4773
3 4066
2 4760
5 9830
1 9605
3 1727
6 9023
8 2327
2 4439
7 3162
9 8336
7 4619
4 4766
9 7986
5 3581
7 2132
4 3013
0 72
9 4497
0 5014
1 7644
0 9783
3 9827
6 2877
5 2563
7 5053
6 4231
8 4596
4 9855
5 8725
2 1399
9 9598
1 3579
0 5626
3 7315
6 8971
2 1849
2 4304
2 4392
7 1282
2 7121
1 8503
2 8870
8 9934
4 9593
5 896
8 3338
2 5183
9 2237
6 252
0 4460
3 1099
6 6102
0 8188
3 5912
5 7873
8 10
2 6531
6 4678
7 7301
0 5515
1 2596
5 6361
9 3326
3 5222
8 1565
2 6545
4 8718
6 6863
7 9320
0 3126
7 5388
1 9126
5 3252
9 2672
3 4045
0 5446
2 9912
8 8369
4 2111
4 5591
6 3437
7 3724
1 9052
5 7177
4 7763
5 9786
9 5485
6 7463
1 8267
7 3674
0 2577
7 6936
3 4184
9 3670
7 8232
6 5096
1 5410
2 5969
5 6002
8 9608
9 216
4 7767
2 9669
7 9436
8 6934
7 8051
0 7985
7 9936
1 3498
6 2171
3 639
5 1784
9 1718
4 6356
1 8803
5 5437
8 8435
9 6197
2 4694
0 7771
7 121
4 3541
6 8775
1 8801
2 3250
3 1978
0 1822
7 5427
4 1641
5 4224
8 1398
4 1776
8 1186
4 1545
6 2120
9 4450
1 1476
5 7069
2 8714
3 769
0 8165
7 454
8 2526
4 4592
1 5064
2 6672
6 2478
9 2711
3 7252
0 5870
3 6264
5 1401
0 9301
3 5962
1 9550
7 7150
8 2310
2 6186
5 2575
5 9088
4 9896
6 197
9 5884
0 7768
4 7028
5 1078
6 1330
3 3554
9 4741
3 7313
9 429
4 5284
0 2308
1 5950
3 8372
5 7002
4 5943
7 8380
8 9966
2 8592
6 4559
0 7725
1 8959
4 7823
9 1364
3 4494
7 394
5 6161
6 1430
6 2650
0 1535
8 2823
1 9352
2 5495
6 591
0 4595
2 8557
4 9366
8 2282
9 7293
1 6806
3 1467
7 1970
0 2041
2 2088
9 3297
5 9208
1 1537
6 6837
6 3597
4 6718
8 9067
6 5888
6 2626
0 9690
3 1267
2 4333
4 1918
0 7076
7 311
3 51
9 4110
8 9467
5 3641
1 8720
6 1082
9 9907
8 8844
2 4800
4 5771
2 7183
0 5653
5 9392
7 4719
1 4919
4 3918
2 4645
6 9881
0 3665
3 8825
5 6204
0 9695
3 3896
7 1586
9 1589
5 6080
7 6958
1 8005
0 341
4 1410
3 4044
5 6563
8 3739
2 6331
6 3998
9 1842
0 2298
0 8120
4 6941
7 7196
1 8355
3 4140
8 2318
6 1515
8 8904
4 960
0 8083
5 1700
1 4708
2 9378
4 8945
9 1962
0 8153
2 5079
6 9059
8 9555
1 8096
7 4962
9 4477
9 9674
3 4452
5 993
9 5551
3 2753
4 3450
5 3689
9 3774
6 6113
9 1106
0 5602
1 597
0 2657
0 3638
2 4882
3 2958
8 6210
0 1835
4 383
1 2637
7 3202
1 5214
1 8544
8 2091
8 4795
0 6473
5 3837
2 7089
4 7878
6 528
3 3606
7 7272
9 7372
3 7735
9 9321
1 5415
4 4449
8 7949
6 4814
0 5350
5 6982
0 6813
2 6667
7 251
9 9924
5 565
1 4432
3 4583
4 6834
5 4519
0 9640
8 3270
2 792
6 8305
7 4599
0 7106
9 5144
1 1369
8 5829
2 9174
4 3272
5 8673
3 9223
6 5462
7 9688
2 5295
4 6106
5 8787
0 3749
3 7156
6 3651
9 4501
7 1927
3 1473
1 9869
3 6925
2 9271
8 1675
4 4182
6 6659
5 2555
9 585
7 8820
6 174
9 5499
0 7198
5 12
1 3033
7 6121
3 2118
2 2769
9 5425
8 1783
0 345
0 5524
4 7047
7 7779
3 9185
7 2588
9 9073
5 4229
1 3736
3 2238
8 3251
2 908
6 3911
0 621
3 3493
4 664
9 3357
7 2850
8 352
7 2373
8 3543
3 2254
2 2710
6 2551
8 5916
5 2446
1 5025
3 8677
7 901
6 2419
0 5344
8 5841
2 638
4 4906
9 7395
5 1821
1 4930
0 7994
1 3107
3 9946
7 9220
0 5309
2 5897
4 8579
6 1179
4 561
3 1523
8 4927
1 9628
6 2685
9 2983
5 5456
8 9120
7 8449
0 4802
2 6966
6 909
9 4666
6 242
9 7408
5 1172
8 8310
6 3030
4 9698
9 5076
1 1524
3 3376
7 3365
1 1150
3 9210
5 7740
8 6383
7 2679
0 545
2 6293
6 3489
3 5457
4 692
5 6261
9 6753
3 7245
4 2061
5 1373
8 4842
9 1827
4 2316
3 7025
5 326
7 2564
8 7600
0 324
1 5876
2 4381
6 7957
3 7263
4 5769
5 8789
9 973
4 7467
1 4683
7 7961
9 9274
8 5413
0 4977
9 6804
8 4763
2 7179
4 1989
6 9905
1 3136
3 6831
7 9417
8 7552
8 1385
5 1670
9 3109
0 6523
5 3192
1 5083
2 9246
3 9544
4 3421
7 9529
5 7101
6 2978
2 2089
8 3562
6 7545
9 7755
0 8688
2 4711
3 116
8 5362
4 3313
7 8813
1 9708
0 930
5 7167
0 9977
2 7667
3 9327
5 4705
8 8636
6 7743
9 5357
0 933
4 1680
7 4433
2 8615
4 3135
1 8724
2 4112
3 4192
7 9872
5 7520
3 8628
8 999
4 3312
2 6540
6 6607
1 9888
7 5857
4 7292
5 1509
9 5833
1 9949
6 8848
3 1304
0 4326
7 6160
8 8202
5 124
2 418
2 6466
4 1032
7 4148
9 5835
0 6751
4 3194
7 5220
1 6937
0 8493
6 619
4 4643
3 2643
8 6288
1 8404
1 3048
5 7308
1 9661
1 8531
2 1276
5 4230
6 1576
1 1648
2 3630
7 4049
9 5914
5 1063
6 3625
0 7248
4 7392
7 5705
1 7795
2 6593
3 6614
5 8195
9 5633
6 7464
8 7619
6 7662
4 8687
8 6665
0 7195
7 9498
1 2648
3 9610
9 6803
2 3240
5 5288
4 2977
3 4552
6 5242
0 9914
2 8384
8 9298
4 9494
7 9133
4 8269
3 1572
6 5082
7 2084
1 9483
0 8366
4 8749
9 9153
1 3981
2 6508
3 7380
5 6456
0 6483
3 8872
8 4422
1 3978
6 4682
9 1235
0 5327
7 4756
8 636
1 9642
6 416
4 5642
9 3310
0 8009
2 3427
5 3279
3 8300
7 4430
1 9580
6 5725
8 6308
3 2824
3 6420
9 8663
7 2949
1 6918
4 9537
6 4968
9 3866
8 5055
7 9799
0 9109
2 850
5 543
1 8851
3 627
8 4796
7 3502
4 4027
4 4770
8 9531
6 3979
9 7786
8 9168
7 3611
2 4668
5 7947
1 2985
0 2627
8 7479
9 8316
3 3801
4 4846
7 796
2 3322
2 2655
6 8275
7 4457
2 2148
6 1136
5 2259
1 6707
2 1201
6 3062
3 3788
0 575
8 7826
0 5432
9 6225
8 1634
9 3546
4 3847
7 6975
2 6000
6 598
7 2762
8 6539
6 7246
9 385
3 3206
8 6987
4 20
5 3705
1 3890
3 187
4 2878
9 7366
1 4922
2 6645
7 6368
9 2366
4 868
8 8894
0 8695
1 4673
2 3652
9 6438
5 8802
6 1631
5 1644
8 9731
0 1697
1 2473
7 4051
2 4545
6 5704
5 3003
4 9926
3 7447
8 3094
0 6359
1 734
9 8456
7 6524
2 573
3 941
5 903
6 9043
5 4540
4 6583
6 8650
8 7050
9 3292
0 8861
5 9835
1 7405
4 849
4 9074
7 7900
6 8565
2 5059
4 9927
8 1070
7 2506
3 2680
6 7928
9 3888
0 3604
0 3823
9 4944
4 1693
2 2999
9 2970
0 9275
5 2785
8 7637
4 7651
0 5085
1 7989
7 8928
2 3704
9 1544
1 6187
3 2252
8 5022
5 7733
6 8395
0 1346
4 8329
6 2667
7 2789
9 5374
3 9057
8 3829
2 8430
6 520
5 1673
8 6502
1 5193
4 8492
5 3504
0 3153
3 3288
7 3686
9 7027
9 1231
2 2042
6 5367
6 6349
8 7098
6 9192
6 2055
4 8303
8 5029
1 6852
5 9623
1 3423
4 2107
8 1832
0 1987
3 3081
7 138
9 2590
2 8535
6 6193
4 5564
3 322
7 4050
5 3368
1 9434
3 2229
9 3616
7 3379
8 6376
0 1010
6 5453
7 4671
4 4952
5 7144
0 9752
2 7729
1 7013
7 3745
1 537
3 797
7 5282
9 7160
2 9569
0 1040
7 951
8 4261
9 7143
9 9425
6 3418
2 5332
1 257
0 7720
4 773
3 9904
4 153
5 2810
8 8388
3 2784
6 576
9 6931
7 1351
4 2445
0 7059
4 7415
0 859
2 5408
1 2009
2 4365
4 3781
1 8013
5 82
2 498
8 5447
8 9022
3 2029
0 6408
5 3777
6 6589
9 7820
4 4175
5 9679
8 6541
3 7099
6 485
7 113
1 3805
2 1705
9 2851
8 4628
0 9656
8 179
6 4081
7 3120
1 6287
6 41
3 3935
4 9268
5 7022
7 3477
6 7421
2 8759
0 9922
3 2605
9 9829
0 1824
8 2963
3 9649
4 4738
5 4967
7 9373
9 7377
4 2503
1 3708
9 7567
6 4582
0 1606
8 9399
4 7931
2 8624
3 417
1 8378
5 9259
5 2628
7 736
6 2019
8 5707
6 2640
4 8145
5 3655
7 4888
9 4225
2 7290
0 24
3 4281
1 1632
8 7673
5 8400
6 5665
9 308
2 3300
4 604
3 3339
0 9793
3 5941
0 7604
7 1169
3 6199
6 5531
9 6132
0 6229
1 8975
8 3958
9 5893
5 47
0 8504
2 1307
2 1501
7 5681
2 5825
4 4753
2 8341
3 6332
3 154
4 6517
9 5306
6 6854
0 8253
3 9575
3 3445
7 7992
1 7124
8 8739
7 4324
5 8638
2 7191
3 3872
4 4282
9 7956
0 2520
6 5514
0 7302
1 650
8 6768
5 3083
7 3269
8 5466
7 2975
5 3355
1 4718
2 1102
7 4896
9 6423
3 9090
1 3258
5 3843
7 7054
2 6089
4 7225
4 9974
0 580
6 8817
8 4376
4 1552
9 775
3 3205
8 8812
5 1934
1 5990
2 4387
3 6205
8 3475
7 6567
3 643
5 9200
1 509
7 4135
4 2913
0 453
6 6365
9 2721
5 9956
2 9465
2 7414
8 4663
1 3605
7 400
2 4726
4 6246
3 4273
8 8513
0 607
1 7887
9 464
1 1456
6 1614
9 6189
1 7460
7 8734
5 7475
2 3105
6 6458
4 6976
3 9089
4 5713
8 9618
9 2214
1 1510
9 2622
1 9158
1 3474
0 5575
3 3584
7 2461
8 8243
4 3763
5 5501
3 472
9 646
1 3534
2 8078
6 2704
8 2294
0 4615
4 6142
0 7739
7 789
8 6507
3 3434
4 6674
1 1955
5 5080
0 8510
2 7999
7 690
9 6771
8 931
0 6651
6 2277
3 6772
2 6694
7 7783
4 8702
9 4509
4 2432
8 3555
1 5977
5 4617
9 2922
0 2046
6 9269
3 8864
3 1031
4 3690
2 5638
8 8907
7 6908
1 7161
4 3533
2 6727
5 2409
8 3657
9 6352
0 5435
7 1381
9 3956
1 7557
6 8033
0 3408
4 8810
3 9121
7 9118
2 891
5 9169
9 7034
1 5522
2 8238
8 3720
6 4498
0 2156
5 4910
4 5038
3 5527
9 7754
1 6152
2 6301
7 5109
6 9368
8 3537
3 4294
9 6334
0 9005
5 6783
5 451
1 2347
4 3110
2 2533
5 9193
7 8349
1 4884
4 1517
6 7170
8 483
7 2580
2 4113
5 8154
3 3341
4 185
9 6247
0 3018
1 4901
8 2291
7 2448
5 1057
6 2095
8 6971
3 7312
7 7358
2 6637
6 885
8 716
4 9008
8 9122
3 9910
7 8185
8 458
4 254
0 3463
3 5734
9 6629
1 1877
2 5491
6 7018
4 3157
5 8988
6 1094
0 3016
3 8778
4 7118
9 6698
1 5823
5 8786
6 5504
7 2862
3 2800
5 3682
7 1732
8 6736
0 3354
2 618
4 3211
5 7570
9 5863
3 8508
7 7911
2 271
8 1130
0 5320
4 233
1 9140
9 922
5 1886
9 617
6 7821
7 129
3 74
2 2108
8 7684
6 8022
0 275
7 2893
4 7204
8 1522
3 2394
1 5459
3 7070
8 9740
9 6178
1 4677
5 4570
2 9745
3 1678
3 2545
6 8978
0 7970
4 7728
9 3666
1 5887
7 7517
6 5895
5 7705
0 3492
0 9343
4 1212
8 5277
0 7880
4 8231
9 9288
2 112
8 2974
1 5635
0 1313
4 3903
4 1859
2 8529
3 8416
7 2740
6 2777
8 1570
1 3791
8 3399
4 7756
5 2766
2 7326
2 3209
3 5579
7 3507
9 2164
0 7068
6 4699
2 6765
3 9413
7 6811
1 335
7 1807
8 2720
9 8588
4 357
5 5146
0 4097
1 5401
7 2581
6 8221
2 3865
8 981
9 9840
1 3332
4 8605
0 3830
3 9408
5 9940
5 2547
7 4375
5 4832
8 8649
9 5826
8 670
6 6441
9 2534
8 4907
1 4975
2 7016
4 4892
4 7084
4 8760
3 5047
4 701
6 7442
0 1044
9 5873
3 7690
7 2068
4 8039
5 5800
8 9506
4 4018
1 6216
5 6565
6 8357
2 2658
0 9681
8 5955
9 8537
0 6336
4 1770
1 3259
4 3372
8 2480
3 4837
5 7402
1 1296
6 4900
3 6006
7 7562
0 7437
1 8248
2 1264
4 7963
7 253
5 109
9 2947
3 2322
6 2199
7 1316
2 3001
8 6269
3 2467
9 3610
0 5726
1 5414
7 6631
2 9277
5 1325
3 6270
4 8862
8 3175
6 8642
9 8443
0 266
7 708
7 1973
2 3643
5 4869
2 1159
1 4316
5 265
4 467
2 783
6 2337
8 4878
9 8664
3 8194
4 2992
0 1066
2 1518
7 9844
6 8534
8 3340
3 2250
9 9384
1 350
3 5049
5 5430
4 1869
0 889
6 7258
7 1400
2 8601
4 452
4 3174
8 5211
9 1661
9 3401
0 1861
9 4370
6 8697
1 5643
3 398
5 9406
7 8715
9 7856
2 7603
4 2745
1 8694
3 3922
8 9409
5 558
4 7407
7 3729
0 1754
9 3561
1 4166
2 5233
6 5759
7 3862
8 2908
3 3147
1 4138
5 6519
4 213
2 5535
0 3730
3 2920
7 5764
9 2803
4 3994
7 9344
6 122
5 7037
5 8922
8 9194
3 8967
1 8259
3 8832
2 893
0 3280
4 8507
9 6049
6 98
7 822
8 1621
0 6488
5 2788
3 4108
5 7770
4 864
3 8451
4 9765
9 6588
1 6822
2 439
5 6662
3 3664
6 7381
5 7814
9 5790
4 1879
5 4808
6 4985
1 2490
7 4934
6 9571
8 1279
2 3218
1 449
3 6823
9 6013
0 7332
4 9157
5 6333
2 2591
7 6841
6 6967
6 9873
0 1557
8 3281
6 1708
3 7199
5 9395
1 2178
8 1076
9 1284
4 9984
0 7988
2 878
1 3146
3 4147
5 5381
6 4607
7 5152
9 468
4 8792
8 4061
9 5806
0 5978
2 4054
8 840
9 4727
5 189
0 7052
1 3404
7 4308
3 5416
9 5472
0 9442
5 4955
7 5294
8 9197
0 9374
1 64
5 5787
6 7035
9 57
0 5257
8 8207
1 1538
6 2525
4 6875
9 4171
9 7918
3 8679
2 8992
0 2418
7 4978
1 4011
7 5994
0 704
5 5757
6 8524
7 488
0 1067
4 4076
5 1016
8 5261
3 8756
9 9079
0 9811
4 3049
2 9458
4 955
2 5359
8 4299
6 3432
2 3500
9 4075
6 5743
1 2552
7 1979
9 4124
0 7420
6 6601
2 5519
5 7426
1 5392
3 3389
4 3348
6 5885
7 3185
2 7640
8 8168
8 1250
3 2736
1 3992
8 9381
7 6125
9 4642
0 3076
3 3515
6 5537
4 6734
5 5617
2 566
9 3459
0 3486
8 2557
9 7211
1 2909
3 8521
6 9797
9 3887
0 8700
4 7578
7 7652
1 2345
6 3826
8 2836
5 3608
3 6248
4 2242
4 5756
4 5280
9 8317
2 84
9 1750
0 5807
1 9189
7 574
8 3825
3 7127
1 4314
6 4893
7 4904
8 1875
8 3506
5 2421
2 9553
8 1539
3 7443
4 69
9 2965
0 139
5 2243
2 6942
2 1713
8 5727
1 8245
2 5680
3 9460
1 2586
6 2793
4 3366
8 4702
9 7224
7 3759
4 5121
6 6926
0 9449
3 1055
2 630
1 1741
0 5169
6 2755
5 7526
8 2166
9 5647
2 4289
7 582
4 6739
5 8966
3 3709
0 4526
1 7675
8 1690
6 1073
9 4106
8 3660
4 2524
6 6230
2 2505
7 6585
9 2694
0 9143
3 4899
8 6909
5 244
3 9743
1 9932
8 3499
4 286
6 7378
3 5363
5 8257
7 781
1 1438
2 2509
9 3846
4 8134
8 9524
0 5818
5 3188
6 3948
7 9039
3 4328
2 4798
1 6494
2 2334
1 7772
3 1112
2 4363
3 5573
9 623
1 4933
4 8354
8 6434
0 7103
9 5502
8 2036
2 2423
6 4064
3 8177
5 8610
7 8703
4 370
1 2427
8 7525
3 8498
6 6544
9 3511
3 707
0 1932
2 3455
4 1789
5 9497
1 5
7 943
8 2809
9 1752
0 8084
3 1744
0 5200
9 7141
0 3721
6 4633
2 4618
1 6201
7 6689
9 5135
5 9778
4 5217
7 4646
8 7207
4 8379
3 1663
5 6330
7 1056
0 4438
6 4405
8 4768
2 6039
3 2930
1 7837
3 815
4 5959
9 3971
1 9516
5 1127
0 9943
6 5836
7 2073
6 4390
7 376
8 3100
2 4144
1 9416
2 3692
0 7163
5 2043
1 3116
4 8906
2 4998
9 2562
3 4291
6 4032
0 7719
7 4270
6 4496
8 7912
4 1878
0 3753
2 4280
6 8058
9 6625
7 9651
7 9141
8 7543
3 4857
4 7065
5 8552
1 4394
7 4315
8 9235
7 5753
0 1128
8 3904
0 5016
2 1564
3 2249
2 7240
6 6920
9 9069
3 1462
4 5438
9 4364
5 5562
3 9883
4 4521
5 5750
6 7839
1 9146
2 4631
3 7709
7 3028
8 348
3 5560
9 1394
8 1689
0 3080
5 3726
8 6378
6 8771
9 7422
4 9252
8 2411
0 6343
2 8178
8 2263
5 2330
5 3563
7 1683
1 6767
9 5949
3 289
6 4136
4 6087
1 8620
9 7250
8 5594
8 4309
0 7579
2 3070
7 8057
5 501
2 43
6 5585
3 491
8 123
0 722
1 5946
9 6073
7 8853
2 2589
4 2853
6 6708
6 3047
5 6999
3 8496
6 1651
8 9324
0 9583
5 2609
9 5127
3 7213
1 4960
8 6305
5 3479
6 9028
2 2849
0 1968
7 6745
4 7677
1 4338
9 6363
8 4532
3 9952
9 8912
1 9064
6 7776
5 5742
8 4841
1 1058
7 5266
0 1012
6 1852
5 3552
6 4854
2 6621
5 1248
4 1222
8 6224
1 226
3 3026
3 3860
7 3905
0 4812
9 5529
1 8800
3 1042
7 3966
2 8533
6 9632
3 9624
5 8147
6 4453
4 5891
3 6833
5 4669
8 7433
6 8932
0 77
5 715
1 2063
9 1494
4 7081
9 4441
3 2241
9 2725
7 5296
2 5370
7 6139
7 8684
8 342
3 8110
9 3327
6 5489
7 2671
2 3440
5 4447
1 4804
3 8196
0 2761
6 7968
9 4714
4 5621
7 9414
5 175
8 4228
3 5335
3 2613
0 177
6 1655
2 3719
4 1199
1 5032
4 6867
5 1611
9 6752
1 1432
8 8993
8 1682
3 6118
8 8830
7 9365
8 3927
0 9937
1 7361
6 3227
9 5934
7 4462
2 8216
3 9051
0 1743
0 3331
4 3596
5 2678
8 4331
0 923
9 8410
5 7270
2 9437
7 2820
8 466
1 6454
0 6955
6 272
0 117
3 9287
4 8407
5 4471
6 7588
0 1321
3 3707
4 2901
2 5087
7 7096
6 7713
5 1725
9 4528
8 6124
0 1345
3 5761
1 799
4 6527
2 351
2 5351
2 7707
6 771
5 5546
7 8072
2 1876
9 2070
6 9761
0 5215
3 4939
8 916
6 4867
5 6084
0 894
7 6649
1 8365
4 7504
6 8738
4 5190
5 5421
6 562
2 7175
9 1450
4 5490
0 2747
3 8991
7 3235
8 746
6 6719
1 1997
1 8619
2 6344
1 6340
2 4012
0 7890
5 8637
3 7222
1 6316
7 2101
8 1434
9 7006
2 3510
6 8291
0 5239
6 9562
4 9920
0 5503
5 6018
8 6020
9 7815
6 2151
2 4091
3 7952
2 4733
6 8563
9 767
1 3662
7 5907
4 1131
1 7168
7 6737
0 4799
8 7040
0 7717
5 2059
4 2875
1 3627
6 2825
4 4488
5 5497
3 9383
8 1542
2 2472
5 157
4 3650
7 494
9 4874
0 388
5 9842
4 445
4 4523
1 522
4 4752
6 4971
1 9218
3 6905
8 144
2 2038
4 3430
1 2024
6 7906
3 4201
9 7300
3 2304
7 9188
0 950
8 2454
1 9323
2 1485
4 3782
6 7188
7 5694
5 7455
0 164
1 220
9 4747
4 3953
3 5717
4 7915
8 186
6 1161
7 2594
6 3335
2 5839
7 9742
6 5960
5 1688
0 2529
1 3232
2 8077
4 7701
7 8133
9 4600
3 2642
8 1640
2 7539
7 4769
4 7589
6 8156
5 727
9 9111
5 5480
3 1702
8 7079
9 947
0 7620
2 2799
7 6395
4 9422
5 8545
1 1492
5 655
1 8997
3 5119
5 5252
6 5584
1 2857
5 6030
3 8523
8 1823
9 7491
0 6185
5 1303
2 3102
6 6396
7 8189
1 5464
4 5636
8 610
3 9556
3 5389
0 4300
3 3257
5 6472
2 1036
6 1310
9 2216
2 4997
0 5305
0 8203
3 8226
4 7494
7 6460
5 1780
3 1622
1 3542
5 2003
4 8252
9 1228
5 6597
6 2124
8 5622
2 6029
4 7333
0 8500
3 7582
1 7178
9 7731
5 7209
6 8021
2 2860
7 3995
4 3453
8 5246
9 6440
5 7799
0 2266
6 8816
3 7704
2 4844
1 5850
7 7706
2 4223
4 4911
8 2083
1 3982
9 8422
1 7294
5 8910
7 5587
2 2281
0 4730
4 6329
1 7038
8 9316
6 5991
7 2578
3 8960
9 6490
4 1124
3 8098
1 609
5 2450
8 7113
6 1808
2 3688
0 6705
3 8809
7 2795
1 9737
5 3464
1 890
8 1017
5 7134
6 4293
9 2153
1 5772
8 7571
4 7966
8 6579
4 4805
5 6903
2 4746
0 5035
6 1274
9 7676
3 386
5 8146
7 9720
1 2062
5 6797
2 7331
8 2826
4 5625
0 5900
6 6320
5 2001
6 510
2 1813
9 1933
3 448
8 989
0 4165
2 3681
4 3156
9 8704
7 5989
9 2303
1 6578
5 6780
7 8324
0 3201
6 1176
2 4465
4 8062
0 9363
3 6827
8 7924
8 9687
6 8228
9 745
9 752
1 4052
2 6897
5 6448
7 9144
4 1357
5 4146
7 4199
9 9916
0 4880
1 6240
3 8119
2 8555
5 6959
7 366
5 4825
4 5452
5 5869
8 3914
3 8647
4 6484
6 89
7 7057
2 6341
9 8445
0 1728
7 3333
1 8582
2 7533
4 3586
6 4921
5 6387
0 6401
7 5942
8 1006
3 8657
7 9541
9 8298
2 9652
6 1268
7 4168
5 3299
9 4778
4 6547
1 161
0 1034
5 5163
9 9421
4 550
4 115
1 6498
4 180
8 1696
3 8914
2 7681
6 2188
7 7085
1 247
6 1081
1 7228
4 1786
0 6844
1 3840
4 4925
8 3671
5 9970
9 6653
9 2182
0 4393
1 4847
3 7674
9 4398
2 819
0 3950
3 8609
7 1901
9 2447
6 6654
8 7547
5 2015
8 1453
0 1270
4 1530
5 7067
3 9911
7 269
9 8018
8 49
1 4541
9 7397
0 128
6 8352
2 9893
9 363
4 3619
5 5112
0 3941
3 8312
6 5813
0 9847
3 1447
2 3053
3 7197
6 551
7 937
9 7169
4 4435
3 6353
1 7020
8 8448
1 9407
3 9438
6 7512
7 3582
1 8163
3 4999
5 7784
5 9838
0 2714
9 9929
2 21
0 160
6 5373
4 9477
9 1333
1 7611
7 8522
8 8845
2 2280
3 4630
2 403
3 336
3 8548
2 6275
5 5229
6 3672
4 5386
3 5547
9 9423
6 209
1 2317
2 5484
5 4010
4 6374
7 9078
0 5194
9 3996
8 2731
3 6608
6 8286
8 3249
1 6839
1 9071
5 5846
2 3244
0 5292
4 7212
8 866
7 4695
4 9013
7 2623
9 6492
2 7747
3 9655
6 7339
1 7484
3 9049
5 3821
6 3898
2 4238
0 7535
3 2183
8 7390
7 8210
4 7261
5 5980
9 5205
8 7824
2 5002
0 2647
3 427
1 7254
6 2271
7 5545
5 1751
8 2398
8 1113
4 2018
9 3519
0 6327
1 118
0 2723
3 5342
2 6868
6 2336
7 3809
0 9457
6 8429
1 5471
1 7334
5 9630
8 1794
4 2458
9 6207
3 5716
2 9017
1 8554
4 7990
7 2939
8 7449
0 2569
3 4831
2 3622
6 4216
9 1583
1 1436
4 1724
4 6628
5 3775
4 4728
7 8465
2 5310
8 3390
0 3706
3 5196
7 6422
1 9047
2 5249
6 6636
8 2749
9 6409
1 7108
2 7812
5 1025
2 5105
0 6818
8 710
4 3725
1 9967
3 2173
5 8082
0 9738
7 193
4 4626
6 2821
2 6479
3 5120
5 6431
8 7153
9 5057
8 9682
1 4573
7 8423
8 377
9 1772
9 6923
4 6148
1 9162
4 8244
0 515
7 7658
3 3334
8 478
4 718
0 3523
4 8144
2 1187
6 7686
9 2126
5 3231
4 9650
1 2293
2 4254
8 406
0 1866
7 4889
4 1595
1 7809
3 5341
3 7965
6 2285
3 5788
9 8332
5 9263
8 4544
9 7696
5 3278
5 3467
2 4604
6 6358
9 268
0 2344
6 3661
7 3043
4 6557
3 8230
1 1782
2 6459
7 6680
9 8485
2 5307
8 9766
1 444
9 1238
5 807
7 1851
2 6151
8 2636
0 4850
0 7093
0 583
6 5533
0 2128
1 5479
4 939
6 8515
3 4780
6 5081
9 9774
7 2125
0 3540
6 3940
1 1018
2 3859
5 3712
4 300
9 5329
3 337
7 221
8 6272
7 419
1 9848
8 3324
8 9098
2 9270
5 3130
0 7531
4 9551
8 949
9 4981
6 6319
5 2399
7 3988
1 7490
3 5007
3 3446
2 1211
9 1792
0 4087
7 8627
4 6318
2 531
8 2314
9 4994
1 6445
4 5749
6 7643
5 8474
7 3243
9 6475
3 7351
1 6673
5 4622
4 8584
0 1059
4 8272
9 1848
6 1590
2 9960
7 1343
8 6273
3 3222
6 6744
1 6792
2 7634
0 6939
5 176
8 6683
9 7532
0 8408
4 6716
9 2719
6 1619
1 5675
7 258
2 2261
1 2449
3 7077
4 8612
5 9164
4 5793
8 1091
9 497
6 3164
5 3488
0 5259
4 9480
7 8186
8 786
8 5221
2 9789
8 9337
1 147
3 8112
2 2402
6 3008
8 8772
5 2748
5 4885
0 7051
4 6748
0 3779
7 666
9 3187
1 3576
3 2932
4 5219
1 2121
2 5735
6 9988
0 8567
3 8124
8 1654
7 929
9 2617
5 2301
0 5973
3 3516
4 1701
3 3538
8 6709
1 8882
2 9822
6 7032
9 3490
7 2705
7 2861
3 9758
5 2027
7 9612
3 4198
8 4006
1 6679
0 4610
2 4781
3 3296
6 2486
8 7627
9 1562
4 9584
9 2907
4 8092
0 5156
2 7412
3 9890
4 270
5 1361
4 9355
7 4246
9 5122
6 936
0 6017
9 8113
1 4937
3 9372
2 635
3 2106
6 3990
8 8692
4 4620
5 5785
5 3145
7 4511
0 173
5 1486
9 5270
3 6226
1 2065
6 8961
9 9481
5 5153
8 8838
2 2959
4 8865
1 6038
0 3819
7 3050
1 3344
8 323
3 7550
7 2521
6 2587
9 3458
1 4264
5 296
2 8675
7 5500
4 6071
6 2887
0 4478
0 7884
6 544
1 8458
8 3425
0 2928
5 8155
3 753
6 6796
2 3984
1 9707
8 719
9 605
7 9401
0 2076
5 6954
4 8690
6 3318
3 5092
2 9601
2 6568
8 9238
1 8942
2 1368
2 8414
7 2005
9 9011
8 1667
4 3835
5 4725
0 2733
1 4406
2 770
3 911
4 4648
5 1723
6 9131
7 6367
0 2085
9 8793
1 4142
8 3838
9 7288
1 741
2 450
8 3807
5 1941
9 6351
3 6411
6 1820
1 8073
7 3757
2 6543
4 7360
0 5712
6 2272
1 8295
7 34
7 7722
8 7613
2 1865
4 4424
5 1882
8 8799
0 9396
4 125
6 8769
9 3099
5 644
3 5662
8 7376
1 8424
0 2619
3 6093
5 6260
4 7745
5 2553
7 4788
1 4858
2 2768
4 3394
6 2566
5 262
3 6267
0 2386
9 7024
1 2087
7 5325
8 4073
6 5460
8 938
6 9190
5 4898
2 6046
6 5238
9 3659
4 7597
5 8322
3 6312
5 2255
0 9340
1 6392
2 8176
6 4211
7 4412
5 589
0 1669
4 4636
1 1149
9 6832
8 9747
9 53
8 3683
3 5525
6 1638
7 1677
5 3894
9 5071
2 3632
8 4404
9 9163
0 3007
3 2174
4 6195
5 2574
6 3713
7 7468
1 5072
2 685
4 2870
9 7193
0 8260
6 1785
8 6671
8 4334
8 7546
2 238
3 7391
5 9260
7 246
8 2459
1 5097
2 5136
5 5287
6 3134
6 4866
2 5149
4 9691
6 4917
9 5434
0 4321
4 6255
7 8796
8 6025
1 7154
5 9644
3 8405
0 8264
6 7389
9 6162
2 4989
8 381
1 3283
9 3658
5 4473
2 2393
4 374
1 1766
7 8479
3 5915
5 6686
8 4237
0 6569
9 7987
1 1630
4 2780
6 2873
2 7064
5 5671
7 2701
8 9788
3 1908
8 841
4 1681
7 4512
4 3568
0 261
6 301
3 9684
9 9819
1 5971
2 4963
8 7398
9 1184
3 8475
5 6171
7 6219
4 9677
2 3460
6 8486
4 3306
0 5494
4 8227
3 7174
9 3384
6 4554
5 7507
1 3558
4 6180
6 1412
8 6146
3 6491
5 9135
1 3063
9 2896
7 5001
2 6266
0 4518
4 5855
6 2223
3 8116
4 6860
5 7278
1 3740
8 13
3 4043
7 8143
4 364
5 7122
9 6059
1 2926
2 1071
8 5473
5 6510
3 6560
0 1074
6 3885
1 7097
5 9499
7 8556
4 9202
0 7048
2 9063
8 8977
9 9861
3 3190
1 6776
6 9776
2 8979
0 1778
5 4262
7 9205
0 1747
7 5123
4 8644
5 5794
8 4584
9 9545
1 7176
3 7844
0 2006
0 3815
3 45
0 798
7 717
3 3916
6 4717
7 7210
3 8106
4 3600
2 4414
5 5699
0 700
8 9431
6 3225
3 2439
4 1629
9 8350
1 698
0 7374
7 2646
0 7678
8 9058
2 4704
5 7774
7 9606
3 3755
0 2770
8 6641
2 8710
4 6211
2 4506
6 9721
9 212
4 7111
6 567
2 9990
1 9225
4 8929
7 4731
9 5244
5 6076
6 8385
9 4503
6 3406
3 3189
2 4909
1 772
0 1925
4 3064
7 7734
8 6722
2 1855
8 5054
5 442
6 1322
8 5811
9 5687
3 7955
2 1363
4 426
8 5937
7 5142
1 2114
3 7944
0 3849
6 4524
9 2813
5 5760
2 6997
1 5588
3 7650
4 2407
8 3976
2 3017
6 5773
7 834
0 8053
7 1983
0 3469
1 214
3 4234
9 8434
4 581
5 9854
1 1543
8 7321
9 5667
2 4415
6 4914
9 7462
6 9031
7 579
9 5724
4 3095
5 3907
6 1306
0 5124
5 5236
6 5770
1 7041
8 8836
3 1502
0 9167
8 8736
3 8131
1 3041
9 8917
3 8055
2 8383
4 2885
8 3544
9 4594
3 1454
5 4340
6 7894
7 8132
0 4448
2 1383
4 4539
8 1233
2 2791
9 1349
1 801
8 6279
2 7908
9 8986
5 5864
7 8387
3 656
5 7960
6 8974
7 9578
1 5075
0 808
8 875
5 5440
4 5906
2 1497
7 4302
9 4440
7 4349
1 6136
9 2797
3 6032
0 7883
1 3039
7 6468
6 2699
8 2707
9 9851
6 6291
5 8660
6 6678
5 9386
9 101
4 2260
3 5248
0 6871
2 9570
5 3531
4 5224
0 9594
6 4298
1 484
9 3949
7 9683
3 7307
2 5139
3 8356
8 1600
4 2976
5 2387
6 5208
4 6668
8 7984
4 9236
8 634
0 680
5 7680
7 8038
8 9025
1 5928
6 2208
4 8603
9 9286
5 1493
2 1487
4 3924
8 7695
3 5030
5 7568
5 9560
0 7500
7 6391
8 8127
8 1332
1 2832
9 504
5 5536
6 7622
2 7626
4 1635
1 7914
3 3386
4 5441
7 7253
5 5467
3 5801
2 2380
8 5754
0 9948
5 6550
3 4721
6 4284
9 9523
4 4571
2 877
4 1314
6 7782
9 6554
8 654
5 8426
1 2818
6 4253
9 4724
0 7489
3 4161
7 6590
5 435
1 1541
5 3609
6 8633
9 5506
1 2507
5 6277
2 7711
4 3277
6 1856
6 7456
4 7995
8 7470
7 1347
9 3375
1 1818
4 2384
0 7975
3 1275
5 9870
5 4152
7 6572
5 8030
2 2487
7 5232
9 8987
1 1549
2 4684
4 3400
7 3938
6 7082
9 25
0 3560
8 4661
1 1403
6 5520
3 3420
9 9116
0 6533
1 1488
8 1365
2 2858
8 5856
2 6103
6 264
5 7335
8 5402
2 7828
3 29
9 79
4 95
0 9346
7 6158
6 8846
5 1288
2 2190
8 4025
3 4786
1 7483
4 9534
9 1440
9 4983
0 2031
7 9734
9 6137
7 7314
6 4749
9 8093
5 5957
0 2382
2 7295
8 280
7 7511
3 5768
6 5021
9 8337
2 6921
2 1740
4 6386
5 3195
0 9547
1 469
2 2381
8 8067
7 4002
3 6304
1 3856
8 401
9 1167
6 527
7 4008
5 4698
6 5654
6 7123
4 4377
5 2541
3 3946
0 2616
3 5463
1 7105
2 5799
6 8427
1 5581
4 7904
5 9066
6 143
8 5188
9 9403
9 3593
9 4650
0 3824
1 5728
5 6022
9 7829
3 3567
6 8198
6 7810
7 4303
6 4562
7 5674
8 2357
5 4531
2 526
8 1272
9 2729
2 7661
9 927
4 4467
8 6072
0 2776
1 4041
9 612
8 2079
7 9479
6 4490
0 7086
1 4325
3 7870
5 8060
8 6756
9 5623
9 9230
2 35
9 4950
4 6133
7 3871
2 1647
6 6253
9 9375
0 234
4 8223
2 1326
3 2652
8 4534
1 1065
5 9448
8 814
7 1910
6 5005
9 9280
6 2728
0 5023
4 7804
5 2522
1 5935
3 1323
8 210
2 4095
7 4203
4 1408
9 2730
5 3238
4 5028
5 6300
1 8065
3 2807
4 7216
6 3818
3 4272
4 1163
6 8573
8 3963
5 8213
0 3079
1 5477
1 5927
8 9664
6 3092
2 8918
0 9798
5 4115
0 6951
7 9362
3 26
4 8014
9 2371
0 8721
6 8200
7 2929
4 3496
1 4569
5 5791
8 9300
2 393
3 966
6 626
9 5729
0 860
0 3623
8 6801
1 1971
8 5094
7 9841
2 6616
1 8331
4 2738
2 810
5 2757
3 9557
4 1291
1 9007
3 9447
6 4244
9 7689
2 8158
5 5974
0 3735
1 2284
4 5375
6 1620
8 5174
7 6168
3 1084
9 4267
8 3073
2 7255
7 2389
3 1318
9 489
5 7202
0 7564
0 4863
0 1038
1 3242
8 3899
0 1355
2 523
4 5379
7 6602
6 4149
1 3861
8 6984
1 4048
3 2972
0 2198
3 4988
9 5964
8 3631
9 9941
5 2275
1 1671
2 703
4 5198
9 9181
7 36
3 358
5 2475
6 2886
0 1567
8 3132
4 2305
4 7007
7 8237
1 4916
4 9860
2 4001
5 1508
9 76
4 4579
2 5093
6 6159
0 4310
3 7023
5 4074
9 5468
4 6895
7 7120
8 7979
8 6724
1 7692
5 2315
5 5036
8 7369
1 8487
4 9176
8 5372
1 8732
2 9232
8 3074
4 9226
6 9453
2 1717
0 6362
3 8240
4 3897
1 1139
8 2168
9 755
6 2184
5 3325
7 5160
2 3559
1 465
6 5985
4 6086
5 9150
9 9686
7 5321
8 5721
3 5596
0 1506
2 8905
9 4354
5 2209
6 9312
4 3512
7 6577
1 8483
0 5559
2 9295
8 8919
3 9771
3 4107
9 6693
6 9128
5 1829
6 2904
8 6164
4 5240
1 7818
5 3799
7 8526
3 9906
9 5012
0 7220
2 1145
4 3764
5 1796
6 1218
8 3220
8 3878
9 9272
8 879
9 6406
9 8681
1 1344
4 9003
7 9350
8 1295
1 8225
3 3640
5 3553
6 9803
0 8854
2 972
4 61
7 726
8 8748
5 861
1 1880
3 3273
9 3811
0 9491
5 7850
6 130
2 4729
8 360
4 1027
7 184
9 145
8 7201
4 677
7 4090
9 9898
1 6486
0 470
6 8873
3 6968
6 3934
2 4235
1 7428
2 1458
3 4407
5 2319
6 4995
3 5060
0 3816
6 570
1 696
8 697
4 4102
5 6730
0 9548
9 7214
7 4826
2 9142
3 1746
1 9338
4 6606
8 33
9 6675
9 8613
6 6759
7 9266
9 5688
3 4614
6 5744
5 3716
2 6063
0 1991
7 378
1 6450
7 7438
1 6970
9 1885
4 2165
3 3746
7 126
7 1733
8 5226
6 2276
5 384
1 5235
2 6634
9 8747
0 1178
4 9215
5 9908
3 6284
7 22
8 1208
6 8432
7 6746
1 9076
2 9459
6 2500
7 5486
9 9962
1 295
2 405
6 7375
0 1957
1 7885
4 7061
5 1602
7 5552
3 7645
7 8419
8 1858
3 2400
0 4427
9 4086
3 7131
1 8509
4 127
2 9825
5 5063
1 5966
6 2462
7 5781
8 3104
8 3268
0 1336
8 9056
9 3246
3 5399
4 9258
2 496
5 6781
0 7788
0 8925
1 1474
6 7946
8 9804
1 7107
9 7898
3 4222
6 5260
4 4466
8 6785
1 475
7 1402
6 4891
2 7492
8 249
7 882
5 8079
2 5852
9 1704
0 3583
2 8334
3 4966
8 7848
4 7
0 1103
5 7318
7 633
1 3152
9 4176
6 243
8 4485
1 5600
2 1516
9 7466
0 9371
3 1193
5 1309
0 4894
8 1260
1 134
4 8763
9 5539
7 2309
8 653
6 7444
4 8740
5 9247
0 4442
2 848
2 9680
1 8540
3 8923
7 2286
8 9335
3 4336
4 8438
9 3970
5 486
0 5218
7 549
6 9792
8 2026
0 2122
2 3787
6 6532
0 8142
1 7781
3 3197
8 9214
4 150
6 2682
1 5018
9 4676
0 6842
5 1463
3 649
7 3760
8 6650
4 6518
6 7238
2 5668
9 6655
1 3184
0 3431
9 4126
1 761
2 3052
3 7905
5 7836
9 8126
7 8130
0 6575
2 4982
4 9590
8 9563
1 3158
3 4092
6 6245
5 4946
9 8933
7 3532
9 5922
0 6238
9 9654
0 3677
2 5508
4 5604
8 321
3 9108
1 3715
9 9151
1 7592
6 7669
9 1566
0 7311
1 7778
2 9785
5 1005
6 1224
2 316
4 5107
7 9711
6 2702
5 5420
8 8634
0 9509
7 1883
1 1437
3 7886
6 8274
2 6782
2 992
4 6549
9 5339
2 9027
4 2822
8 9297
7 9784
1 1546
5 2094
9 8822
3 4469
9 5589
0 136
3 5212
9 4625
2 38
4 8172
6 1050
2 1826
4 7506
0 751
8 4535
3 4667
7 540
2 1906
1 2220
4 4353
5 3868
9 2854
6 2700
7 804
2 2426
6 7727
1 5902
4 1219
0 4672
8 3727
3 9138
7 318
5 7632
5 8201
7 3743
7 9307
9 3077
7 473
2 8840
9 3844
6 8307
2 5469
1 6380
7 6295
0 740
4 1426
0 9092
9 9951
8 1596
3 2927
6 8889
2 2210
1 3387
2 6021
1 7033
5 6701
7 6901
1 2779
7 8892
4 9455
0 120
1 8128
9 6711
3 1014
7 4895
6 5909
8 7063
1 2477
7 6778
9 8396
4 1507
0 8826
2 2273
6 4875
5 4156
3 7231
8 4655
1 3968
9 6907
7 1857
4 5513
5 9419
0 3952
2 2160
6 5711
0 7356
0 203
8 3215
1 4632
3 7394
8 2782
2 2966
6 4133
3 5449
9 7323
8 2415
0 8903
7 287
1 3937
4 6426
6 6004
5 1598
9 8598
9 7269
2 8587
2 9234
9 5719
3 4748
2 8361
0 6397
8 6620
3 5482
1 4903
4 6946
7 6477
9 3723
2 5640
6 1151
0 2635
5 7948
8 872
1 5512
4 4116
4 1425
3 1608
4 1252
7 3751
3 6010
9 8205
4 8632
2 6
7 4852
9 5877
3 8804
5 8898
6 8639
4 3673
4 9902
7 8580
8 7527
0 820
4 6816
1 7472
7 5369
5 3786
0 2940
2 8101
9 9370
3 7478
8 8559
0 3728
6 9795
4 9393
1 8758
7 3114
7 7119
4 4068
9 7379
5 7642
4 9882
9 1214
3 7877
1 2039
2 3374
7 2090
8 1388
3 9357
0 4330
5 7653
1 9821
8 5982
3 6499
4 6697
5 5599
9 8034
6 3267
5 4409
5 5777
8 7075
3 4578
1 5738
2 733
7 8984
4 6179
0 7384
6 2508
5 7610
8 5033
2 2150
7 2368
4 4789
9 8454
2 1898
3 8360
1 6757
5 4248
0 8270
3 1609
6 1938
3 8926
7 63
3 8441
6 1649
4 2457
8 2980
9 5691
3 534
1 4259
2 4350
5 5378
0 4446
4 1760
8 3241
4 7958
3 4976
2 7838
4 8281
7 8255
7 2086
7 9472
0 1173
3 1273
6 4574
9 4621
2 1582
3 9998
1 4563
6 8012
4 1023
5 6787
8 9787
7 1168
6 9360
0 5840
2 7137
4 7584
5 2973
6 100
4 5968
1 7091
9 7936
1 9839
7 6591
9 9466
0 978
3 4125
1 9646
2 8386
9 2528
5 7699
8 629
6 4959
4 1449
3 361
7 5391
4 9251
3 215
7 31
9 846
3 3143
4 8094
0 1271
1 4279
8 298
2 4401
4 1755
6 8297
7 8484
9 835
1 3301
9 3359
5 3693
3 9581
1 6114
8 9397
0 9036
2 5230
1 4576
7 3679
0 4384
4 4803
1 1686
6 2758
2 1142
8 8558
9 1685
5 4801
3 9670
4 59
1 1799
6 3528
7 1181
0 8668
0 7724
8 9701
9 6070
2 8737
0 3939
8 4956
9 6324
0 1144
4 7291
8 8289
0 657
4 2847
3 4158
5 4286
1 4777
2 9540
9 2881
0 6691
6 8880
4 1930
5 4233
8 4502
7 529
1 3451
2 3565
0 6594
3 8874
5 5322
9 7752
8 7801
6 3920
8 8766
7 6252
4 4313
1 8835
6 3056
2 6111
7 7876
8 8392
0 9517
4 5209
3 3093
5 9615
9 9810
1 648
6 3517
8 8999
0 6770
2 8472
7 5879
4 5572
7 9418
3 1191
4 3884
3 3964
9 6107
4 8346
7 1360
5 3392
1 3456
1 5422
5 1976
7 7110
6 2270
8 5397
9 6917
5 1165
3 2543
7 4178
0 8938
2 4586
4 6735
4 8085
8 871
8 4271
1 7649
6 7943
8 5336
0 6586
1 6610
7 2081
9 5046
2 8459
5 3900
3 7841
5 5683
2 3219
3 6462
4 2361
5 392
4 1645
8 5658
0 6262
1 8318
2 1246
6 3902
9 8367
8 2510
7 4585
5 5996
3 6424
4 1417
2 2816
0 5998
1 9533
8 4609
6 4179
3 9503
4 2349
9 3944
9 8417
2 3841
0 2474
9 397
8 5106
5 762
7 3921
6 7700
1 7834
3 2022
2 624
3 11
0 1774
0 8162
2 9303
4 1615
8 2297
9 3449
0 2485
3 4932
5 9554
4 4987
7 2350
2 5067
6 7056
8 5669
9 4362
3 9852
5 5078
1 744
0 4945
2 518
4 5475
4 8635
1 1844
6 3936
7 7330
1 7355
0 6313
7 7165
2 1512
7 6145
4 742
9 5510
8 9739
2 3588
3 8052
5 1341
6 2794
0 347
1 6646
4 7806
9 1170
8 4318
3 7223
8 9191
2 3867
6 4070
7 6600
6 2438
1 8682
2 1676
0 4593
1 8950
5 8879
3 3419
9 9385
4 6115
7 7009
8 3928
1 2936
8 2113
1 5651
6 5926
2 375
5 436
8 5180
1 1573
6 8043
0 3796
0 1188
2 67
3 2888
5 7094
9 3447
0 7474
2 3980
3 3121
4 9487
8 913
5 944
4 7062
7 4685
1 5516
5 6024
4 5141
6 3810
9 5715
7 9532
9 8482
0 754
1 8915
2 5606
9 2102
2 4111
5 0
2 455
5 4118
0 5629
1 7805
2 9733
3 8339
0 9981
4 8954
8 103
1 774
6 5521
7 2245
5 2746
0 8622
3 9304
2 7609
1 3901
9 6500
4 9972
8 2918
0 9866
5 6511
6 1894
7 3462
0 6721
5 463
2 962
3 7448
6 3226
1 5170
9 2750
4 9874
5 3433
6 81
8 8511
3 794
9 8471
4 7341
1 9175
7 1225
5 1656
6 5918
2 6399
8 3813
0 8808
2 8962
3 5676
8 9432
0 6302
4 6760
1 7117
3 7147
9 6883
8 9085
7 6369
8 1175
5 2550
6 4343
2 9389
5 5842
7 738
0 7855
8 8806
4 3443
1 1033
6 6321
3 1280
2 1691
5 2211
9 7872
7 3804
0 4141
1 9470
8 152
1 5317
4 763
8 3930
6 9722
3 1311
2 3221
4 4879
5 3761
9 4710
8 4565
5 4810
6 6217
7 8393
5 9065
0 2105
6 521
7 9558
3 4635
3 7616
0 1526
5 1742
6 7012
1 7026
7 3737
1 6268
2 8891
4 2852
9 8343
1 7803
0 1695
8 6979
5 7888
3 541
4 2355
7 3442
2 3139
9 5137
5 8212
6 4204
1 5068
4 4890
1 1256
4 5011
4 236
8 6704
0 6973
7 9600
1 8731
7 4707
2 6648
3 7606
1 5225
4 6019
9 6965
8 8706
0 3266
2 4605
5 1698
6 9713
7 9454
7 9196
3 1503
9 7559
7 1220
1 9291
8 9808
3 748
0 5197
2 8946
4 2053
2 9112
2 5983
5 9716
9 6315
7 1118
2 1079
5 7693
6 5444
9 5199
1 8048
9 310
5 5933
6 7060
9 5115
1 8460
8 823
3 201
5 1896
7 3036
0 8415
1 853
4 4371
2 6439
3 232
7 3694
5 493
4 9445
6 9538
0 9060
1 4613
9 6669
2 6213
1 2365
8 5299
9 9490
7 1729
2 2206
3 5039
4 2129
5 3380
6 5541
1 1890
5 2341
8 5903
0 5293
9 4459
7 9718
2 1975
6 3717
1 8989
3 1409
2 9310
5 1817
8 4038
6 5844
0 3165
4 9254
9 4590
1 7287
4 2112
7 4119
2 6949
8 9426
4 2352
6 8468
2 2941
0 382
3 1245
5 3193
9 2675
8 2045
9 7656
1 4096
4 2342
4 4202
8 5286
9 6465
7 6050
1 8046
6 3983
9 8304
4 3395
7 6948
8 9875
9 9942
2 956
1 7083
6 1429
0 8890
3 3111
7 5352
5 7325
6 5431
4 6584
1 411
8 4624
9 4912
0 2542
2 5511
2 6663
7 6710
2 4546
3 6846
5 3454
2 5439
6 9572
3 6487
4 2066
5 918
8 8455
2 4507
6 5763
1 4
0 9781
3 3037
9 6856
4 1452
5 8161
7 6932
8 8666
2 9123
6 4876
8 9633
1 8254
6 7764
2 3391
8 4456
0 1092
1 3539
3 1195
0 2979
1 6328
9 6512
1 8457
3 4194
4 5273
6 6935
5 1190
5 6700
9 3551
2 5393
1 9243
4 2890
7 8963
6 2233
8 5821
5 8273
7 9530
6 431
9 9899
8 7319
2 8452
0 273
4 5128
1 1491
5 3590
1 968
7 39
3 1210
7 6147
7 9439
9 994
6 586
8 3416
0 7157
1 1795
2 6558
7 4444
2 7923
3 4335
4 5798
5 1088
3 2410
8 2468
5 6598
9 3208
0 3626
3 2695
1 5241
6 8117
7 5550
6 2633
2 4771
6 3702
2 5611
7 8990
2 8827
4 7858
6 407
6 3913
8 9173
5 847
4 1424
7 4973
9 965
0 975
2 3472
6 5204
3 135
8 8940
6 977
1 2760
5 8776
9 9322
6 1471
4 2224
7 5780
0 1185
2 3480
3 514
5 1479
5 2884
9 5963
1 9137
8 4560
7 6977
2 7538
4 2144
6 3010
1 8726
3 2004
7 7793
8 3042
9 6992
1 7524
8 2378
0 3124
5 6326
7 3075
9 3695
2 2187
8 7751
5 842
6 6884
4 7596
2 2348
3 9800
1 1800
6 5493
4 1406
0 6682
2 2013
7 6956
9 8602
4 695
1 5970
5 3170
6 7566
8 7687
8 5944
8 8061
0 8934
3 759
9 2011
2 1290
4 3097
7 702
1 3385
6 6504
5 7423
4 730
8 6128
0 2798
2 8741
3 9753
7 4079
9 8111
8 2639
5 3024
1 1721
5 8160
6 1853
4 3494
2 2257
5 8340
3 7401
7 832
6 8745
0 9328
9 4587
4 9515
9 6296
4 4864
8 6886
2 7130
9 725
2 4591
5 437
3 2078
4 1601
1 556
2 8755
8 5692
5 7618
7 7655
6 7853
5 532
9 1891
0 8095
3 7791
4 9694
8 6896
1 7753
0 4951
2 3732
3 1960
4 217
7 4249
6 8103
5 3122
9 4463
5 4529
9 1961
0 1996
8 4130
5 9525
1 5406
2 7942
3 6079
9 4345
9 3054
0 6638
4 6427
7 5666
4 7362
9 1845
0 7529
6 9755
8 6346
7 42
5 7132
9 3919
4 4185
6 8996
6 6952
0 9964
8 1520
1 4420
2 7435
7 7516
0 9055
1 5175
3 5972
9 9461
5 6647
8 9019
4 7505
7 5247
7 8538
6 6097
5 1353
0 7138
8 424
2 2443
5 6626
1 4809
0 6402
3 2258
4 8532
9 3618
1 6562
8 8576
9 2067
0 6974
2 2455
4 4793
3 7822
7 906
8 2283
9 8301
1 3524
5 7485
4 3179
3 9814
6 4388
2 6962
0 2244
5 5474
1 4319
7 3875
8 5074
9 8667
3 8125
6 3535
4 171
2 4443
7 5390
8 7260
8 599
9 7320
5 4029
1 9201
3 23
0 2356
6 7792
4 315
5 9435
1 5987
3 5861
4 7857
7 9704
1 106
2 608
0 898
8 4862
7 3722
3 4567
4 7232
6 9471
1 2466
9 2621
5 6372
1 4057
0 6184
9 2944
2 4991
5 3287
4 9377
3 4037
8 5114
1 659
0 390
7 3806
2 90
6 7346
9 8823
5 8076
3 8287
8 479
1 4658
0 1072
4 6461
6 7148
1 9315
0 7396
9 2558
4 530
7 4482
2 919
6 9539
5 7560
1 4692
6 7471
0 6012
3 7173
8 9945
5 9094
9 8224
4 4009
1 5988
6 7015
1 1249
7 8314
2 9444
6 5019
0 9026
3 2354
6 2997
1 6866
6 6360
8 1952
8 4287
7 1540
5 2453
2 9456
9 8927
4 5312
0 4701
1 6297
3 1011
7 8965
7 9468
4 6425
5 8100
0 8790
2 5143
6 6573
9 4183
0 8190
8 5360
7 5323
0 5925
1 1234
4 1965
3 2335
6 5171
5 5975
9 5088
0 592
2 795
0 1801
1 1147
8 5828
0 8517
1 2456
3 8121
7 869
8 3155
8 7441
4 9104
5 4071
6 2751
0 3663
5 1587
5 3714
6 2431
5 3780
5 5145
9 5609
1 6232
9 8436
5 8656
9 4996
3 1993
9 7827
1 2232
2 2377
3 8390
0 9204
9 552
7 1140
1 1230
0 1684
6 5290
3 1580
5 8315
8 137
2 1627
4 9212
6 2923
9 227
0 6613
5 778
1 4004
2 6209
7 954
8 6299
9 1846
6 6174
3 3754
0 8109
3 4597
4 6077
5 6388
0 6449
4 1049
5 6809
8 7087
3 6580
1 2572
7 3601
2 4736
5 7243
0 1146
4 5223
9 7304
6 356
8 9505
1 7180
3 1237
5 2548
2 4215
3 8757
0 1413
7 4947
2 5104
5 3065
3 6522
5 4413
5 2246
4 6443
6 2231
9 4085
0 1762
7 4367
8 6028
1 6120
2 6429
7 8364
0 7327
6 8611
9 709
8 2964
3 7978
7 8102
5 2451
0 2665
1 2950
2 9034
4 5172
4 6639
6 7219
9 2100
6 9991
8 5442
3 9334
4 9428
6 7298
3 3233
9 178
5 256
7 8497
0 274
8 3199
1 6298
2 166
4 5507
3 8151
6 8947
9 2203
9 1484
7 5632
9 9099
5 2943
7 9750
8 3932
1 1138
7 1457
9 4320
0 9889
2 606
4 2662
3 6677
1 2324
5 4172
1 1419
3 6016
8 7835
6 7066
1 3889
4 4084
7 5981
9 5113
0 4549
2 6310
5 4030
3 803
1 845
4 7541
9 3230
8 3468
6 5845
9 1021
7 7927
8 9696
5 1152
9 5940
0 4098
6 1905
2 4572
3 7621
1 4514
4 4696
7 6713
8 9586
6 4268
9 9996
5 6065
0 140
0 8968
1 6009
4 6793
1 8191
2 255
3 8473
7 8742
4 9489
8 1788
2 5779
6 6819
1 1243
6 5338
9 7424
1 595
9 8440
5 9294
3 5752
6 6702
7 4000
0 4252
1 1779
3 3648
9 8614
4 9566
5 6109
8 9048
7 1366
1 4208
2 4024
6 5269
2 7730
6 8173
9 2584
9 1422
6 8028
0 4500
3 6176
9 7416
4 9901
5 5592
6 596
7 9469
0 6410
9 7794
0 37
1 9507
3 3624
9 9012
8 6182
4 9198
9 3621
5 4220
6 5162
6 9769
2 5634
6 2496
7 1657
7 6717
0 3547
8 8490
1 7679
2 6829
3 6998
6 8164
4 8617
9 9577
5 7036
7 9496
5 1123
2 2442
6 5748
0 5278
4 1815
6 349
8 410
1 7554
0 6212
0 1643
3 2651
9 8288
3 1668
4 4797
6 8505
7 9709
4 8091
3 2147
1 1658
5 1921
8 7039
6 3699
2 230
3 948
1 9149
4 7277
5 9411
8 447
0 584
9 3038
0 3827
6 9021
7 3142
2 8887
7 415
2 9009
3 1888
3 3793
1 7073
4 2615
8 6826
3 987
5 9087
9 4603
0 6758
6 8219
7 107
5 1068
2 1051
9 8280
0 8418
7 2133
1 471
2 7279
6 1490
5 9892
0 2176
4 8027
8 5517
3 1942
7 4510
9 9331
1 728
2 4755
0 1328
6 3363
5 8849
9 3942
0 3091
1 3646
8 9139
2 2962
4 1558
3 5703
6 6172
7 4505
8 1177
5 7205
2 5979
9 764
0 1285
1 7055
1 9702
4 2374
1 4787
6 6622
1 640
4 5031
7 3321
6 5409
8 714
3 1262
1 2921
5 3304
4 4127
6 1963
7 8750
8 7830
2 389
9 3572
3 5682
0 9961
1 2897
0 3214
4 5710
5 9292
1 5832
0 1129
6 4653
6 5677
2 7981
4 4527
8 5938
2 9129
7 1489
4 1577
9 7932
9 8284
5 1100
3 8002
1 1847
4 3417
5 6339
7 7654
0 2669
3 2536
5 5526
9 9474
0 3407
4 4816
6 5576
7 7973
8 7866
4 833
2 2290
5 3645
1 9567
0 2708
1 2872
7 8859
8 4105
1 8911
3 5189
1 6166
8 6742
9 8003
2 8693
6 8952
4 346
7 6566
2 1618
5 7746
9 330
0 4739
5 9521
3 9837
6 8376
1 2116
8 905
9 8488
4 8519
5 3103
7 9119
9 826
0 9317
4 8123
3 1926
6 1664
9 2395
0 5334
2 9627
1 735
4 9944
3 4174
1 6556
6 6055
4 2230
8 2638
3 6231
7 8753
5 182
1 8075
9 9614
1 9693
0 8235
6 5571
9 1166
2 1294
1 2902
4 6335
0 4269
8 5986
6 1232
8 3520
3 6150
6 2333
9 684
7 6627
5 7446
8 9508
2 6891
3 7845
1 7663
2 2540
4 7934
6 511
0 1085
9 9038
9 9542
7 1504
5 7594
1 2372
5 6309
2 1206
8 3265
4 1164
6 5830
2 7636
3 8025
8 4263
0 8229
6 1015
9 277
4 7576
2 1803
3 4941
7 9159
8 7607
1 3413
5 1995
0 5348
6 9796
6 5315
6 7917
9 897
3 2752
6 291
2 1825
4 6963
6 8118
7 9790
9 5418
2 6144
8 2247
7 8242
1 6412
5 9994
1 7008
3 9744
0 9351
0 1281
3 9820
5 5396
0 6364
7 9380
4 425
6 7316
9 9182
5 6894
2 6467
1 8837
8 3617
4 6779
6 2194
9 2228
3 3285
0 9626
7 625
2 1158
4 9398
6 2032
9 9891
6 5784
8 9724
3 7306
5 6015
3 1495
6 3636
5 9213
8 4301
1 5540
3 3974
6 7247
0 7565
2 1075
5 1137
7 1428
8 1624
3 7305
1 1030
4 6633
9 6728
9 2189
0 7274
6 3961
9 4657
5 1716
9 9001
0 2215
2 1889
6 1482
5 8071
7 8626
3 2516
9 9689
8 9913
1 1035
4 9895
0 678
2 2375
3 5090
5 5098
6 2952
8 4735
6 4479
3 3832
7 4219
9 557
1 5256
4 3461
4 4835
8 4679
4 2948
6 2119
0 3881
2 7897
7 2912
5 1182
3 6515
6 9463
9 996
1 7515
0 6105
2 3293
1 2620
8 559
7 9177
0 7816
5 9376
2 1994
4 843
4 3055
3 6200
4 96
1 9080
6 1916
4 1511
9 8819
8 9723
1 4243
6 4820
4 3424
7 6660
0 4177
5 3261
2 8661
8 6991
9 8097
1 5782
8 3481
6 6338
1 2681
3 7185
1 5285
6 6088
4 3260
7 4323
0 2163
5 162
2 876
1 4870
9 3108
4 4197
5 5952
5 6788
8 2034
0 7581
5 1802
3 2683
1 6861
2 88
9 3448
6 8648
4 652
7 6044
3 3316
8 8777
0 5679
5 413
4 6033
7 6933
1 8138
2 355
1 743
6 7980
9 2035
9 2603
2 6786
0 7697
3 9178
5 3855
1 1982
6 391
8 7267
0 5237
4 8798
8 5476
0 1241
0 3999
3 6052
9 7732
7 9211
2 4751
0 5417
3 8470
1 9045
6 3556
1 3926
4 7430
0 7659
5 7983
0 6143
1 1382
2 6789
8 8969
4 958
3 7451
5 9082
9 3762
1 7813
6 91
7 5523
2 8857
8 6851
7 4992
2 1390
4 1213
8 1839
7 6692
0 1171
5 8719
2 2364
9 601
3 5595
2 3369
4 443
1 2582
9 8712
6 7672
3 8669
8 9868
2 2925
4 4634
1 2292
4 8683
2 2954
7 4640
5 2815
0 8090
9 8805
6 9462
1 915
1 8428
1 432
4 6129
8 8056
2 8169
3 4193
7 6643
1 6561
4 5849
8 8374
0 688
2 2385
5 4662
8 2790
3 66
6 5328
9 9897
7 4255
1 568
0 9103
2 672
5 2855
2 5118
4 2481
0 5429
5 5655
8 6980
2 8791
4 9096
5 2096
0 7916
3 9041
8 9637
6 4940
8 86
9 1679
2 2739
6 6474
7 8070
4 1959
9 320
2 507
5 3133
1 3698
3 4484
0 1317
4 5117
5 594
8 172
1 2871
0 8308
1 4003
6 8618
0 9424
1 2109
7 1922
6 4598
2 3569
5 4530
6 500
9 5570
6 1666
3 3864
0 8711
4 9239
8 5656
9 2158
1 6599
7 313
5 1588
6 9170
2 9989
5 250
0 6405
6 8964
4 9160
2 457
8 9253
5 1990
8 1529
5 362
3 6354
9 8464
5 7329
0 935
1 1944
3 9231
6 9909
9 1867
7 940
4 2773
7 2618
9 3521
2 6099
4 9224
0 85
1 1120
7 5542
4 1568
8 7982
3 5854
6 7095
2 142
7 6421
5 7280
0 1977
1 7802
6 5000
4 687
8 4557
2 9077
4 5889
2 2654
3 711
4 3802
9 8698
2 7629
7 6280
4 5583
3 4986
3 4612
5 3149
0 6347
9 5590
3 8099
1 8811
3 9216
5 8271
6 971
2 8955
1 5385
8 7418
8 5603
0 6163
9 4290
2 3317
7 8180
0 9714
1 1115
9 3137
2 8920
8 9391
4 104
1 3245
3 6800
5 5731
6 2892
2 899
8 2401
3 3412
9 5203
7 9420
3 925
9 7233
0 3812
1 8347
4 3484
7 2946
9 9843
3 9180
0 7283
1 5532
5 1939
3 9290
4 508
6 4961
2 1561
8 2859
0 852
1 7493
7 2560
5 4920
1 7125
9 8183
3 202
4 9345
6 9319
7 4767
5 8394
2 1087
1 3668
2 4145
8 8568
0 1556
9 8292
1 8433
2 7967
8 9364
3 9638
4 2491
0 7469
6 1029
4 4276
7 1174
0 2193
5 119
1 5837
2 2891
6 2196
9 379
9 805
4 2251
8 9443
9 4035
7 6969
0 7382
3 4568
4 2499
5 2565
1 4429
2 7939
1 503
8 3106
6 6953
9 4339
2 6795
7 5155
0 4292
3 7703
1 870
8 5387
4 6259
6 3019
1 3570
4 9919
9 5815
2 8754
5 4548
7 5661
8 2417
9 2856
6 7608
0 998
4 2167
5 3066
1 3607
3 3176
2 1117
3 2437
3 7907
6 9501
8 3377
0 6810
7 9347
4 3969
9 3817
5 3879
6 9918
3 7895
8 6876
0 2040
1 3150
2 4493
9 6978
6 6127
5 9846
7 8680
3 555
4 2726
0 6985
0 4153
0 9478
8 9736
2 2844
9 7864
1 6988
2 2955
0 279
6 2050
6 6640
8 6612
1 9091
9 9361
5 713
8 1662
2 2146
8 1646
0 4833
2 4957
7 1097
9 4675
1 829
6 5077
3 1337
4 5443
5 1633
2 5086
8 2684
8 2743
0 1459
6 2248
7 3009
0 4737
6 293
9 4058
0 5569
7 6794
6 7874
0 7615
3 7347
1 2082
5 2444
2 3691
4 8268
7 6658
0 8373
6 1269
8 6574
3 1499
1 9000
2 6482
1 917
2 222
2 9264
5 5380
9 7614
2 6535
4 8855
9 5316
7 6436
1 8285
5 7155
6 3741
9 5786
2 5976
0 6972
4 68
7 1404
3 6885
8 9987
5 1739
8 4239
2 8839
1 4709
5 3892
6 1872
0 4550
8 6214
2 9024
9 9152
9 4686
1 6452
3 9110
9 7889
4 4732
7 6153
5 4461
1 9824
6 9318
6 4542
3 8035
6 3381
6 7583
9 2494
4 5313
6 7044
0 9044
7 2346
8 9692
9 9813
4 7497
2 920
5 2792
6 5042
0 223
0 6879
1 8296
7 5326
8 6418
9 6915
3 5349
4 4656
2 9983
5 1096
3 9660
6 546
4 1372
5 3642
3 6023
0 9136
2 1712
6 6559
1 8031
4 4929
7 888
5 3874
8 5999
9 6947
2 7164
9 8489
4 8629
2 750
9 7235
3 5882
9 2012
4 6496
0 7021
5 5797
6 9284
1 3647
2 2905
4 9591
5 1043
6 1180
7 2544
5 5883
0 1569
7 4504
5 6495
8 8858
4 9565
1 2866
2 4099
3 3644
6 7090
9 1141
3 5789
4 7109
0 8550
6 1937
4 5685
5 4577
6 7630
7 9862
9 5013
8 6108
9 338
3 6433
8 1350
0 6888
1 880
2 2876
9 3397
0 2383
7 7646
2 1338
4 8321
5 5958
0 6384
6 27
0 3857
3 1080
8 3738
1 4347
9 7092
0 986
2 2863
0 8640
3 3151
4 2600
8 9849
5 1354
7 1710
1 3639
0 3526
9 6548
3 1263
8 2339
2 9592
6 5908
6 2463
5 5424
0 6830
6 2691
4 1972
9 3319
5 4151
9 9367
5 4706
3 506
7 8982
1 2660
0 5281
8 4386
2 9957
6 553
1 2414
0 3006
4 3282
8 8886
9 456
2 4355
8 2191
9 6592
5 1001
3 7796
2 8780
6 5062
8 9219
7 4297
9 9879
1 5271
7 1929
5 8623
0 1258
9 2412
2 7078
3 7859
4 2741
4 2433
1 4205
7 7865
8 3020
6 731
5 4823
1 6008
0 2796
9 9186
7 5496
2 5792
3 8481
2 4923
3 4470
8 9850
4 9014
2 825
3 4013
6 9880
5 7112
8 665
8 6244
4 4383
1 5470
2 8063
0 883
3 319
8 15
9 305
7 4558
1 3011
4 9886
1 7171
4 9597
2 7499
6 5126
1 2157
4 6853
0 4245
2 9856
5 7029
0 6122
3 2737
6 3784
8 4822
2 5795
9 7925
0 6112
1 331
3 1603
6 1605
8 1637
1 8250
3 5027
7 7708
4 6609
6 7974
5 9697
9 412
0 3783
3 8998
7 1028
2 1625
0 2961
6 7337
3 8439
4 1911
5 190
7 5343
2 9925
0 4476
6 9877
8 9339
9 5303
1 5733
6 9482
0 3286
8 7354
4 4639
9 821
1 1062
6 3501
5 2471
0 2579
4 910
8 2016
0 5954
3 8843
5 9777
6 3854
7 6170
8 402
9 699
0 1047
1 8370
2 2030
4 7145
6 1110
7 739
3 4341
5 1277
5 7993
9 2403
8 6183
5 8782
0 8381
9 1022
1 8785
2 4680
6 9314
8 1069
4 5167
5 5251
7 4611
0 1472
8 168
3 3834
9 314
5 9589
4 6493
4 8323
1 2805
7 3960
0 3850
1 1532
7 3700
7 9826
2 1448
6 4063
7 6192
8 6239
0 7496
3 211
1 3947
9 5598
5 4776
2 9187
6 9552
8 1748
6 4200
4 7368
3 8020
0 6516
1 3248
7 1253
9 2942
7 4720
5 6893
4 158
2 3564
0 9283
4 5365
1 5129
9 1301
7 4162
8 8689
9 8893
6 980
5 4984
9 7921
3 8466
1 2155
9 4868
2 7303
0 110
1 6990
4 4897
8 8179
7 5945
9 9514
6 3649
5 8564
5 1828
6 6398
1 7192
3 5368
4 8828
5 809
8 2161
5 6276
6 6902
7 303
8 7352
1 6357
2 6416
1 181
9 1060
0 3127
8 1348
3 309
2 2058
0 9999
1 4834
4 4543
9 8087
3 2464
5 1134
6 4765
8 6843
8 9492
7 2607
0 8877
4 1816
1 2808
2 7789
9 2262
0 1481
4 5505
1 16
2 3117
4 1830
6 4815
3 6899
6 4819
4 9265
5 1464
8 6117
3 6040
7 1706
5 1715
9 6723
4 2867
0 2663
3 8122
8 3669
3 1265
5 1854
7 3212
1 3360
8 8246
2 9894
9 1915
4 3613
3 4212
5 1850
9 8204
0 1480
4 2709
6 5755
8 6066
8 5865
7 5412
6 8476
1 8651
2 4167
0 2692
7 1841
2 2296
5 9388
6 3457
3 8824
8 4475
4 4468
9 5695
1 3908
7 4391
3 4674
0 6342
2 681
5 3470
9 4464
8 816
6 3191
1 3771
5 9513
7 2279
4 1053
8 3773
3 5176
0 1863
2 4378
6 5965
1 7458
5 9903
9 94
4 863
7 8066
3 9625
0 873
8 1421
7 928
2 1104
1 6957
5 9817
6 3311
5 4395
9 9727
6 765
5 6546
7 8311
3 8453
6 5509
4 976
2 3962
5 6688
4 97
7 7364
8 9986
6 4128
0 7439
4 3119
8 7239
9 102
0 5394
1 2898
1 1387
8 7742
3 8543
2 5618
5 9816
8 8293
9 9250
7 8068
0 1223
8 902
6 1555
1 3923
6 1575
4 6031
6 9746
0 1914
2 974
3 4807
5 8781
8 4277
1 5555
6 4758
9 2629
2 2104
7 6927
4 2278
4 3975
8 712
4 2649
0 756
1 9663
8 4649
3 5831
4 5073
5 9757
6 7004
4 3315
5 2408
6 6130
0 8265
9 2787
1 9341
8 7115
5 2869
0 8691
2 9588
3 3169
2 8174
7 2830
3 9939
2 3274
7 3767
9 4575
1 8583
4 1445
8 4360
6 4836
5 603
5 4703
3 6877
8 8044
0 2493
6 1874
8 3314
2 5723
5 3566
3 1763
9 2834
7 5191
1 9330
0 3022
7 3154
8 6165
2 4845
6 7572
4 5577
3 2677
8 5483
9 7268
5 5544
6 9165
0 1470
4 1757
5 6481
1 6761
3 9564
8 932
7 7508
2 2906
3 4120
4 7030
5 2727
9 3089
6 6996
6 6413
1 1077
0 7534
6 5543
7 8319
1 3895
7 7114
2 9161
8 8209
1 4865
4 5650
3 1722
5 5834
2 2756
5 6282
7 248
9 1527
4 2611
8 5267
1 3667
0 6257
3 1287
0 2205
2 2914
6 3882
5 5384
7 9476
0 667
6 6808
2 7445
4 9884
9 983
7 2422
9 5173
8 3598
3 1912
0 5605
1 686
0 4213
8 4827
2 8944
4 572
6 3346
1 2142
7 5556
8 6521
9 9241
2 6726
5 6749
1 9183
8 1048
3 285
2 9512
0 1985
4 874
6 3465
8 3653
3 2839
9 8875
3 4536
7 7819
3 600
7 724
2 6534
5 9172
1 3439
0 9510
6 1121
2 7404
4 5376
4 3989
1 7769
0 8371
4 9050
6 1374
8 5824
4 7241
0 517
9 1416
6 1923
8 9369
8 1002
9 2744
4 6154
0 6188
2 6848
3 5822
9 7003
4 7585
7 9115
8 3886
5 8326
1 9102
6 1903
8 3602
5 8335
7 9061
0 2931
1 4389
4 2222
9 2917
3 3756
6 9379
5 3852
7 1840
8 2033
1 6035
2 1868
0 4924
9 1998
4 9782
5 3342
6 6061
3 2674
5 8148
6 8881
3 9763
8 1907
5 8591
7 6555
0 1791
5 7286
2 290
5 3058
6 8983
1 706
7 4564
9 7116
0 6242
2 1974
6 6414
3 6857
9 6054
4 9807
8 9732
1 7181
2 3353
6 3527
3 5354
5 818
4 3078
7 6173
9 6074
0 6880
4 7598
8 1261
9 7049
1 9154
0 6623
4 2405
2 3025
6 5796
3 5767
5 590
6 3578
8 1899
3 188
7 7881
5 2781
9 6278
1 3113
0 8518
1 4274
6 1227
0 3216
4 3820
8 8192
6 8842
2 1334
2 2376
2 5698
3 8829
0 9735
2 7459
4 934
7 3213
9 1244
5 2469
8 5673
4 9030
6 5689
7 953
4 8251
9 2934
1 1571
3 6892
7 4266
0 7762
5 2987
5 2358
2 3744
5 9629
9 3182
8 6271
1 4403
8 409
3 720
6 7262
1 325
4 8606
7 4155
7 2624
0 4077
8 2025
3 9441
2 6690
6 6773
0 17
2 3426
1 5095
5 7631
6 8239
9 2666
2 4207
0 329
5 4654
0 1300
6 2673
8 7487
0 170
4 2512
9 8678
3 2470
5 1441
7 3633
2 6805
0 2127
1 2072
2 5052
6 9976
1 2200
7 6919
8 9935
4 887
9 8897
0 8054
3 9931
2 317
5 5624
7 8900
6 1461
4 6134
1 7519
4 9440
0 9885
8 2597
1 6922
4 1917
5 7959
7 2370
3 2783
9 1148
9 4964
2 9228
6 9993
0 2608
9 7587
9 7738
0 7951
8 332
1 3383
2 1895
1 4379
4 7140
5 7862
7 4806
6 554
2 4055
1 2546
6 9635
6 8885
3 1356
0 8081
9 7244
8 2988
1 6699
3 8981
6 2539
2 5043
1 6750
4 8751
5 593
9 5181
8 5878
6 6194
3 6764
7 6311
1 284
0 6026
5 1703
9 8024
0 1610
2 1833
3 1809
6 535
4 5867
0 8902
7 4451
8 8593
1 7273
3 1864
8 7476
9 8901
6 768
3 62
4 2688
5 6652
0 967
2 9760
2 2817
6 2338
7 2440
7 7480
3 2772
4 7432
1 6208
5 4811
0 1745
8 2982
3 2420
7 5154
9 1384
4 5816
9 8399
2 1242
5 1431
6 3298
4 8115
5 9485
4 1477
9 2002
4 6906
9 7297
0 3198
8 7575
1 2492
2 3021
8 4060
0 1806
7 3352
3 7761
6 1362
5 8279
6 3002
8 8446
4 2697
0 5108
9 5450
3 3687
8 7558
4 571
7 2568
5 6069
1 7882
2 9083
3 6687
6 5262
0 5686
9 6684
8 1759
2 6872
4 1483
8 6938
2 108
2 1659
7 6528
5 1711
1 7867
6 218
7 857
2 8469
3 9332
5 2690
9 8762
0 4154
1 671
6 7324
7 1283
6 4241
4 1335
2 867
8 7977
3 8501
9 2668
5 1297
8 7344
0 8546
1 3160
1 1892
9 343
9 856
6 2172
7 4214
4 3503
2 2735
5 2778
7 2535
9 3869
0 6825
8 1205
0 6611
7 693
4 3320
8 8547
3 6536
1 8494
7 3210
7 785
9 6696
4 1203
7 4926
0 7509
3 2169
7 4487
6 1838
7 3129
6 3977
8 5116
5 8589
1 3842
2 8328
7 8402
4 830
8 2549
3 3029
9 6085
0 9299
5 5125
6 9923
1 4515
4 2645
7 2689
7 141
8 7518
3 9659
7 5718
9 1767
2 6740
8 3731
3 4278
6 7151
0 8462
5 4623
7 6503
2 6100
9 2269
0 7691
1 8412
2 8797
8 6762
3 1192
4 7750
6 6731
8 4790
8 9229
5 2181
7 6062
4 8586
0 8943
9 4186
1 4754
2 1904
9 3776
7 6196
2 9703
3 3159
6 7461
9 1435
4 1433
7 5929
0 2110
8 5548
1 6263
8 8069
5 3678
5 7088
2 926
5 1236
8 6755
1 6784
9 2656
1 668
8 5110
4 245
9 3262
2 9585
1 5746
3 7714
5 6104
6 3123
7 5684
0 6444
7 5563
2 7256
0 8575
1 5020
3 5186
7 2894
8 9754
2 732
9 2300
4 8325
4 9486
1 3173
3 3858
4 513
5 371
6 6223
7 6428
7 1247
0 2204
1 5739
7 5762
8 3059
3 811
2 8884
3 737
4 7158
9 1694
8 2515
5 3161
2 7892
6 9871
9 4247
0 1089
2 3361
1 6355
3 2786
4 3291
7 2698
8 4953
5 5061
6 6126
2 2840
5 7694
1 1674
4 5610
6 2865
9 3620
3 3634
4 6604
9 9616
2 7045
4 7685
5 675
7 2117
0 2010
2 2706
1 8214
5 4745
8 4938
5 588
6 2123
0 7452
9 4028
2 5663
3 6075
8 7899
1 7265
6 5880
4 6215
7 3203
3 3513
5 4195
0 7940
9 9484
2 1109
8 8600
1 3370
1 8049
3 149
4 8834
6 1037
3 4411
4 6596
6 9062
7 205
9 3168
6 2192
2 4853
0 7976
5 8477
9 3893
6 1009
0 7938
1 240
8 8630
7 6878
5 8149
2 1498
3 8193
4 6228
3 7528
4 9053
9 6989
3 674
8 6390
6 8351
7 3044
0 9356
9 8941
1 6526
5 8654
1 2213
3 1446
2 5530
5 6850
8 7922
1 7080
3 1940
2 9834
5 9917
6 3750
7 5847
4 6741
4 6497
8 5157
8 8551
0 9473
9 5860
1 6525
2 8729
7 1642
6 6513
3 302
5 1302
7 5641
6 111
3 2811
8 2593
4 2197
0 5383
9 9671
6 2676
8 673
3 2724
2 3466
1 8019
3 2483
5 1393
0 3870
7 7635
4 1805
9 6432
7 3004
4 6478
6 622
8 7741
9 7502
7 8342
2 8506
1 5228
4 2360
8 4608
6 9809
1 8141
9 7920
3 9749
4 3577
0 7964
7 3595
4 7042
5 4886
0 9549
6 4410
8 9105
2 2367
1 9520
4 4556
9 5426
3 2599
8 6167
6 8199
7 3305
2 3701
8 2693
6 5008
5 990
1 6553
0 9010
4 7259
2 1950
7 3912
9 6835
2 2130
3 602
8 6048
6 9526
7 9973
1 3032
5 8883
5 1376
9 8037
2 5534
0 3575
9 5100
3 5084
4 5645
8 7647
2 6090
6 1466
6 3351
0 8795
7 8713
6 2835
1 495
9 9965
7 5648
5 7005
3 9519
6 4828
9 5871
1 7683
9 5872
4 6138
8 1949
1 9666
7 3808
5 8502
2 2332
3 1468
2 2883
9 7950
0 4437
4 4641
1 3388
8 192
6 839
6 8437
9 5103
6 2841
7 5274
0 5758
6 6537
9 3012
1 5932
4 7929
7 3993
5 1342
8 3256
3 3082
2 3323
9 6470
1 5652
0 2434
6 2435
2 7919
9 8770
6 9900
1 6807
5 7010
6 4772
0 7336
4 6123
8 7031
2 2180
7 6993
7 4295
2 8114
9 9609
1 5245
0 4970
4 3574
5 3237
3 963
6 9249
8 7340
4 2968
3 1692
2 9971
4 2848
9 9773
1 5382
7 2479
0 4015
6 5528
5 2774
5 6389
8 8047
1 1308
7 2134
0 4840
3 9464
6 7348
4 8166
9 6538
2 2202
3 6732
2 854
6 4791
8 6864
4 5091
2 5419
5 8752
2 9706
5 1240
9 4056
9 7891
1 1909
7 7555
9 8520
0 2537
1 8566
3 632
7 4561
7 6292
2 4397
1 6092
6 4843
1 8957
8 8327
4 9130
8 5919
2 6191
9 6912
5 2179
0 4581
8 5566
3 8059
7 1560
2 9668
2 8398
5 1405
9 1528
0 5151
1 6370
5 1593
6 1736
3 1126
0 1734
9 3615
1 3347
4 663
1 1358
4 2641
7 8728
1 2154
8 3718
5 2103
2 156
4 8937
6 4104
7 827
1 2819
3 8685
6 8377
0 30
6 1496
8 5461
0 1098
0 7046
6 9207
5 477
7 2915
9 9818
0 359
2 9865
1 1525
4 7284
0 5561
3 6119
3 4322
1 4697
8 8040
6 8662
1 9779
8 3845
4 6986
5 4764
7 5353
7 92
9 4508
6 9764
2 2075
0 9653
6 372
1 276
2 490
3 2956
8 6961
4 6619
6 3115
0 7666
1 2814
6 4670
5 6053
6 14
0 900
1 5637
7 6798
9 3367
6 8187
2 8345
5 9617
3 6476
1 83
3 6656
1 6447
7 9878
8 9938
0 2971
1 2732
8 2097
9 6855
0 1753
2 4190
6 5961
4 6206
1 2712
5 5006
3 8282
4 2661
6 2864
4 2567
6 5037
7 5187
4 8539
9 8023
0 7569
5 9574
2 4458
8 4817
6 1897
1 3967
7 9354
8 5804
4 2742
6 3485
9 6064
1 196
3 4691
7 8549
0 1116
5 1810
7 2143
8 5377
2 3471
4 2900
0 7190
5 1730
6 8330
7 3549
7 2984
9 8570
7 2484
8 46
8 8701
9 4629
1 6471
2 3196
1 3742
3 7903
7 2343
4 6249
8 1198
0 9561
1 787
9 2998
5 3343
2 2390
6 3163
7 3954
4 7595
3 4173
7 6624
1 2604
1 3637
4 7385
9 6715
5 4616
0 5182
3 9728
4 7172
8 1653
9 6865
2 8645
2 1183
6 1451
5 8001
7 8277
5 4887
7 9685
1 4871
9 9947
9 2716
1 1292
2 6140
0 6777
3 8450
4 979
7 1221
1 1920
5 9305
8 9719
2 9767
5 1196
5 2670
6 4164
3 6814
9 3933
4 3550
7 9358
9 946
0 4943
1 5263
2 6181
8 7406
6 3045
1 4848
5 6911
2 2495
3 5709
8 8655
1 7149
7 9982
4 460
6 682
9 2519
5 1378
2 1563
3 7941
8 3863
0 8616
8 5720
1 1154
0 5158
4 8368
8 6155
1 4358
7 3972
0 7953
4 4601
6 8814
8 9359
9 4750
8 6916
5 8409
8 58
2 6045
3 3410
6 8403
4 9959
1 642
8 8994
0 4589
7 9329
3 2889
9 5371
0 1650
2 2951
3 3429
5 5901
6 1919
3 6169
5 9815
4 662
6 1948
8 327
9 1352
1 5407
7 8936
5 239
5 487
0 4948
5 5361
0 3580
4 7074
5 71
2 7126
6 114
8 533
0 5894
9 7322
3 9427
1 1111
9 4566
0 9493
1 4958
4 4716
5 7373
7 404
6 791
2 5765
8 6551
4 7363
3 8672
9 6323
0 2598
2 3473
1 7787
6 7808
3 6815
5 2051
3 9256
5 2827
7 8247
3 3345
4 4250
0 7162
5 9535
7 9430
8 52
3 1359
4 2430
9 312
2 969
0 3798
5 6265
3 7759
7 1553
8 4580
4 9081
1 1559
3 1946
4 6661
6 8709
7 2391
9 3478
4 6098
6 1871
0 6994
2 8608
7 2903
4 4093
5 9325
9 8306
2 2843
6 441
8 7590
0 2498
3 729
1 6552
7 4690
1 200
4 2138
5 3770
7 7798
1 4652
9 6847
4 6177
6 7744
2 5478
9 423
0 2396
5 5664
8 3803
7 9975
3 4080
4 1870
1 1105
9 5058
5 3167
5 4513
8 7014
6 1699
5 7797
7 5580
8 5616
2 2806
6 3654
3 5026
4 2502
5 2047
0 2765
2 482
7 4373
6 5448
8 8674
5 235
4 6237
1 3987
9 7403
2 9619
3 8871
6 9658
7 9968
2 8129
3 4109
9 1293
6 6043
8 4740
0 2879
2 5899
3 7623
7 8860
4 2397
9 912
9 6820
6 3088
0 4734
5 7342
1 9086
8 4495
5 7790
5 8420
8 1254
2 9887
8 7249
3 4196
2 5892
8 2054
7 7843
4 2288
2 3046
9 7861
0 749
6 9018
1 2610
3 8590
4 7011
8 4103
8 1391
5 5628
7 5557
5 3573
7 2592
0 2625
6 93
5 9179
2 1286
9 7357
1 4881
7 1660
0 8236
1 1616
7 5314
0 7309
3 5646
6 8723
4 5405
5 6983
4 2612
5 3118
1 9921
8 3247
4 7229
5 4022
7 9042
0 3752
9 4588
2 3909
2 6348
4 4416
3 6469
6 3514
5 7551
7 5040
9 1773
3 2441
6 2428
0 9404
1 2234
4 6453
3 6635
8 9206
2 2379
5 2771
7 9933
4 8218
0 5498
4 7605
6 8105
9 4859
0 2057
4 5364
8 5148
1 4265
3 3204
4 44
2 1389
4 2933
7 2359
4 3703
8 5631
2 6995
7 7019
1 1623
4 3680
5 8818
6 9209
3 5627
2 6862
9 8480
0 1953
9 5672
4 438
6 3684
5 7136
3 6464
8 6642
2 2225
7 8262
1 476
5 3848
0 8150
4 9958
9 4883
8 615
6 1197
7 9620
3 3284
0 2185
0 2465
4 5150
2 7628
5 8157
1 2703
6 7419
0 660
8 1122
9 2008
4 2991
7 8733
9 3144
9 6078
2 3599
5 7712
3 4849
7 6091
1 6034
2 6712
9 8597
3 1521
5 5995
6 2149
2 5131
8 7100
0 5192
7 2071
1 430
9 1943
3 7902
4 2175
3 6981
5 1984
8 6236
4 6587
6 1781
3 2017
2 8761
7 133
0 8425
5 9237
1 8767
6 1259
2 4681
8 1427
4 7230
9 2630
0 8170
9 5582
3 7203
1 1819
6 9867
7 263
5 1064
8 3476
1 7053
6 6435
2 8658
4 2845
7 368
5 7869
0 2362
2 4020
9 5956
3 6067
4 6766
7 3592
8 9833
2 505
1 4337
9 6463
2 3734
6 1777
1 8217
2 6747
5 5400
3 4722
4 167
6 5936
0 5896
1 6446
0 9928
7 7275
1 6233
2 780
8 1125
5 4188
0 1054
3 6373
9 7234
7 8233
2 4936
1 3396
4 9631
5 2571
6 4426
8 4553
3 1107
9 3876
0 4693
3 7633
2 4417
7 5614
0 6791
3 267
4 3880
1 9647
6 9336
2 1797
5 587
0 5931
8 4774
2 2523
5 4428
8 7367
9 6695
3 9148
5 7139
2 4516
4 4431
7 4700
8 1514
4 5045
1 1257
9 1370
4 1377
8 5206
6 3178
3 4094
5 395
4 4759
2 5827
5 7749
0 4005
2 132
7 1554
9 5003
0 964
1 4131
8 6898
1 4026
0 8234
3 3096
6 387
9 3614
4 6930
1 7393
5 1714
2 3140
3 3072
6 3883
7 9699
8 3915
3 1026
0 4472
9 8495
6 1607
7 3931
4 9107
6 881
6 2326
8 1936
0 9068
3 5069
6 2299
9 8707
1 7601
9 9127
1 474
5 2201
7 9511
0 6774
4 4206
2 5398
3 9113
6 694
5 3697
8 1135
4 2935
4 3409
4 5481
9 7954
2 340
3 3200
6 1019
1 1947
4 9199
7 6322
5 7530
0 8478
7 3263
8 9311
0 3228
2 1551
3 8211
6 204
7 7186
1 8856
0 4480
4 6051
9 5301
4 5730
9 1204
2 3356
5 7671
3 6081
4 4101
4 813
9 776
2 1999
8 5783
7 9006
5 4762
6 6375
4 6703
1 3223
0 2911
9 7972
3 2028
2 9864
3 6243
5 2601
3 1114
4 8309
1 7602
5 1375
7 5207
8 9725
6 3183
9 5597
0 858
3 6042
4 5178
6 3253
2 8184
4 5659
0 3148
3 7586
1 3309
5 7563
8 9405
7 4047
6 7058
0 131
3 1793
2 8249
9 9394
1 6802
4 9805
7 6618
7 4813
0 7556
5 7773
6 4434
7 5696
0 6845
8 9134
9 961
5 7937
3 9475
5 2311
7 4065
1 5601
2 7128
3 6706
5 4913
6 7473
0 1045
4 3307
7 6817
8 851
9 3330
5 3364
1 9245
3 1756
2 1415
9 6505
4 6530
9 3959
0 3973
6 631
0 8764
7 6824
8 7184
1 1992
2 5272
0 8389
4 6110
7 4851
9 73
5 1513
8 1108
3 2021
8 988
9 1594
1 7537
6 3000
5 4089
3 5875
8 159
2 5851
0 5747
6 5050
5 6881
9 1956
1 1798
4 354
3 3060
4 5862
7 6437
2 6047
8 1143
2 3084
8 9046
0 294
9 5411
6 6403
2 9004
8 8359
5 812
5 4159
5 8220
1 7736
0 3090
1 2056
3 907
4 8560
5 614
9 3587
7 6455
1 8263
0 2967
3 7453
6 8895
2 6366
8 7591
5 7612
4 8913
9 9500
9 9676
7 5630
1 6393
0 1967
7 1652
2 9775
1 8181
3 9863
6 7549
5 5778
0 5700
4 4023
7 2363
2 4191
4 3594
8 5737
0 6457
1 1420
3 6222
6 8050
7 4713
9 683
7 6910
2 2218
5 5690
4 1924
9 6564
8 9662
0 5910
7 278
2 2236
5 817
7 1200
2 5693
1 676
3 2069
4 6220
7 8375
9 462
1 1229
6 8006
7 3965
3 806
4 8382
8 1761
2 7133
6 7434
0 8708
5 8401
6 6950
9 4905
0 6576
1 6964
2 5130
7 3275
9 4538
3 1
4 8716
8 747
1 2722
5 3027
0 7854
2 8108
4 7780
3 5302
7 959
8 2424
9 5766
6 9452
6 4637
0 499
0 2595
1 7561
3 9124
5 1731
0 2763
2 5333
7 2846
8 241
4 4838
8 2644
9 3768
3 4492
7 1339
6 1579
5 1945
0 3766
2 1119
9 9573
1 2532
4 5265
7 9412
4 6218
6 4123
5 1367
8 5924
7 7624
0 3358
3 2060
4 2504
2 1881
3 3839
6 9759
8 1396
9 3711
5 6241
2 2631
3 4083
7 9433
1 5454
0 5330
6 6306
0 5298
4 4210
6 8659
0 6254
9 645
4 8541
5 6632
2 8516
6 5168
7 9802
3 502
6 1900
8 7386
3 6924
7 2044
0 6175
1 8869
4 5805
9 2754
6 4352
8 6404
3 8553
7 3525
0 9643
1 4242
5 155
2 6720
6 5859
4 4856
9 304
4 8542
8 6595
4 6203
9 9097
3 5216
7 970
8 8973
0 7501
0 4380
1 5923
4 2221
9 5898
0 259
9 777
0 7544
5 945
9 3675
2 844
3 9415
6 1988
9 2140
4 1298
4 2664
4 7310
3 18
7 2136
0 6058
3 5613
4 5722
8 2576
5 4454
1 7933
2 3585
6 3444
0 5433
1 5913
3 1765
9 5553
2 766
8 3710
2 7514
5 2323
8 5745
2 3131
7 6377
4 7668
0 6005
5 5732
1 2331
8 1814
5 991
3 3991
5 7540
1 297
2 4491
6 8831
9 2080
7 2115
5 2986
3 779
1 1061
5 6615
7 3906
9 5358
6 3382
2 3571
4 651
0 3877
5 7536
3 8107
1 2313
8 9823
7 8461
9 8604
2 1548
6 8599
0 9762
4 194
3 6900
3 4606
3 1216
5 4908
5 9410
1 669
3 5445
8 6714
2 5195
3 8852
5 9333
2 2514
5 8768
0 9429
2 9858
7 1592
9 1719
1 4312
3 8643
5 2713
6 6157
8 6874
2 9678
5 3508
6 5166
0 7726
4 7660
2 788
5 5992
9 8016
3 914
7 5111
1 6890
2 7926
6 3329
8 9930
3 7574
4 4150
0 538
7 9595
5 1251
8 5586
9 6234
4 9806
0 4602
2 6729
6 1585
1 2429
5 1599
8 5213
