0 3378
1 7142
2 54
3 6371
4 8241
5 3035
6 6290
7 9954
8 7775
9 790
0 4638
1 367
2 9248
0 7871
4 1928
3 3350
1 8676
5 6828
6 3034
7 2162
2 1202
8 7208
2 5034
0 7413
9 7702
8 8833
4 3040
2 721
2 6057
0 6430
3 65
0 982
1 1862
9 4993
5 9622
1 2981
1 8007
6 1790
1 7833
8 4160
7 9075
9 9853
4 3067
8 8276
7 8970
7 5567
2 2488
5 8779
7 8032
3 5802
6 8514
5 7194
0 6095
7 9257
1 2874
9 3828
3 4062
2 560
4 4288
8 8512
6 2239
9 984
3 56
5 6442
9 8136
0 5465
7 6141
1 8794
1 2990
3 4785
3 6480
6 373
2 9772
9 2718
4 8868
8 5657
3 7682
0 2023
7 9729
3 4306
5 1266
9 6945
1 2583
4 2497
0 183
8 2098
9 306
7 7523
0 7482
9 8431
7 4792
6 5395
2 4372
7 1958
8 1289
0 4361
3 5051
5 9400
9 6131
1 2899
7 7411
4 9488
1 1207
6 1315
3 8447
4 6582
1 6407
2 4019
6 5751
8 2177
5 8953
3 800
4 8527
5 7264
9 4257
3 1612
1 5814
0 8463
2 2916
4 9969
2 7465
4 7285
7 8152
2 420
5 8064
6 6227
9 613
3 6889
1 6836
8 3955
0 3141
0 5678
2 1215
5 6419
6 7227
0 2556
2 6799
4 4236
9 886
3 6812
5 4860
7 283
6 6096
1 2686
5 9278
7 2186
1 8536
6 1024
7 1160
8 9446
0 7840
5 4928
2 661
1 6379
4 4520
6 4829
4 8621
7 9203
9 4551
3 1439
8 2219
6 5803
0 6337
5 6283
2 7454
1 4979
3 1768
8 6011
4 4221
7 1536
9 3428
6 1407
9 1737
0 70
2 4873
6 3548
2 6790
5 2696
1 4712
5 8743
9 8909
3 2924
0 5917
1 4935
8 307
5 1320
6 1278
3 7399
1 9603
2 2957
8 4965
4 237
7 8765
5 6156
9 3591
8 957
0 339
4 2139
7 5615
5 6571
5 9559
6 3769
1 4016
1 1386
3 4042
6 5538
9 6542
2 260
3 4402
6 4757
8 7664
2 4761
9 8491
0 7657
1 4533
3 6382
2 9035
1 1860
4 9495
7 4307
5 641
6 6415
3 4157
8 3302
9 4902
7 1319
0 3943
2 6325
5 5817
1 9100
3 9171
4 2074
8 7388
3 1749
6 2632
4 1931
8 7698
9 5808
0 5518
2 4121
3 4486
7 1873
6 2715
2 6685
7 4715
2 6056
5 459
1 5243
7 6928
6 3171
2 2388
7 9261
4 2256
5 1628
8 9673
9 9705
0 3181
6 4014
7 5619
3 9828
1 3797
6 3295
9 8878
2 658
4 1194
7 2880
5 985
8 3112
0 758
6 2235
6 4627
9 1444
2 2392
6 2895
1 8972
7 1156
4 8045
2 2159
3 19
4 2460
2 8773
6 6657
8 2135
1 539
4 7218
5 1155
7 2137
2 1469
3 6041
0 952
3 8578
6 4687
0 9613
3 6394
0 446
9 4217
1 8899
9 637
0 9342
8 8572
9 5346
0 6506
1 333
7 7237
2 8722
4 1584
8 6027
5 3403
8 3685
9 8528
0 4915
5 5874
6 1101
7 9579
1 8175
3 4782
2 4972
9 4082
9 8363
4 4821
6 5356
6 5089
8 9582
6 1764
7 8574
7 5258
8 8866
0 2801
3 9273
8 7910
5 7737
7 8171
1 1533
2 5620
8 3800
9 4499
1 369
0 5048
4 5134
1 4251
0 7842
3 7353
2 9244
6 6314
3 5331
6 8581
9 7152
5 2092
0 9072
7 9791
4 4285
6 5423
9 6681
8 4784
1 2320
5 4400
0 7723
7 7935
2 2152
3 9812
4 1758
6 3497
4 4134
5 5017
6 2351
9 4396
1 7625
4 2945
0 9155
5 3851
8 7758
6 4034
8 6870
7 536
3 9876
2 5487
6 6849
8 8140
9 7825
7 5741
9 2919
1 5612
4 6068
7 1046
0 4647
3 2295
5 7429
9 1804
2 281
7 9859
6 1423
0 1771
8 4744
3 2570
6 191
8 3836
5 5304
0 1893
3 8036
6 5324
1 8011
4 7800
9 4117
5 9302
8 5574
0 3833
2 5300
7 1981
3 8561
6 4275
1 8867
4 8074
5 7104
6 4779
9 5065
1 7486
0 3229
8 4078
0 9726
7 2842
8 7409
4 1672
0 4132
2 8029
3 3945
0 1964
4 2131
6 9710
9 2585
1 4114
3 3405
5 8951
7 1239
6 7350
8 4007
4 2996
9 6887
1 6014
2 628
3 3085
0 9285
5 3402
0 7599
5 7893
7 8197
8 7425
6 7266
0 4283
0 2606
5 7387
4 2659
7 5951
9 3128
5 1500
8 1902
1 2734
4 8042
2 4189
6 7495
7 3789
3 904
0 9604
3 2812
5 9502
0 9995
8 5250
3 5179
3 231
9 8344
4 3254
2 995
4 7365
5 1331
6 4256
0 4187
7 5319
1 60
5 2995
0 569
7 7807
8 3792
1 1379
6 3362
3 414
0 3891
7 1478
9 8888
2 328
4 8896
5 9955
3 7477
0 8594
2 99
8 5701
4 8261
5 4455
1 1639
3 5202
6 5138
0 299
2 7242
7 7868
2 7043
8 9768
9 2416
4 9536
2 836
7 6417
8 7343
9 5810
5 4830
4 1550
1 8411
6 3778
2 9114
3 5644
7 1226
0 1162
7 4311
9 4305
8 5607
7 4660
5 7071
4 7832
1 7522
7 921
6 3873
2 2253
4 87
2 8784
3 7289
0 5041
9 9832
1 7276
3 8
3 9780
9 206
8 3491
7 1380
3 7901
5 282
1 344
6 6670
4 3957
2 9233
0 6251
9 219
1 5254
5 5774
2 4180
8 5070
6 1327
9 3180
3 7896
7 9353
1 5201
5 4399
6 2217
0 9125
9 4954
4 8397
7 6003
1 3098
4 7417
8 1574
7 5706
1 5451
2 6529
3 8139
1 3411
4 9450
5 4017
3 8283
8 9836
7 1843
4 5920
6 7000
0 3530
5 3925
2 3294
9 9751
9 225
1 4418
7 9621
9 4033
7 2802
1 8841
3 6307
8 399
4 6289
6 3929
7 2353
0 3276
1 208
3 4425
5 3
9 3438
2 9106
8 5101
4 8302
6 2406
6 3303
3 7765
5 2531
6 942
9 5886
7 6733
0 7593
2 9756
1 7945
3 6036
3 5345
3 8159
5 5911
6 5492
6 6944
9 2554
4 32
6 3234
7 4039
8 2960
3 620
5 3452
4 7748
0 7930
2 1052
3 1986
9 3747
1 8908
6 6858
7 7548
8 5565
9 3536
1 616
4 3612
0 6256
6 8705
8 7670
8 2
5 7811
2 7580
1 151
4 2938
6 8921
2 7299
7 9963
8 5159
4 7971
3 9054
5 8735
9 9217
1 2212
8 9657
0 1157
6 2838
2 1008
4 6769
3 9281
7 2634
5 6838
6 8135
1 4368
9 2538
6 3951
3 8222
1 4346
8 7338
0 8499
9 7498
0 8815
9 6840
2 3522
4 1769
7 9546
0 2312
6 8744
2 4359
3 1887
4 3337
3 3997
7 3415
4 7846
1 8930
3 9195
5 422
2 9980
7 8182
2 2489
8 1340
4 3487
8 3910
9 524
3 169
8 7488
0 1913
6 8571
7 207
1 9221
9 3398
5 2048
0 4122
4 4794
6 9227
0 6190
2 1837
4 2831
3 7860
6 8916
8 1707
0 4227
7 1013
1 2077
2 40
7 4980
9 1966
4 3772
9 1153
1 8338
2 6940
4 2170
9 4369
5 5549
9 6869
3 6345
6 1003
2 9700
3 6385
7 9184
8 4974
0 5881
1 7436
6 5809
4 3071
5 3748
3 9117
6 2559
9 8026
0 8391
6 9101
8 4555
9 1547
0 7665
2 4139
4 2828
6 6943
7 9313
0 288
1 5890
3 7410
2 7641
5 1836
8 8413
4 7328
7 461
1 3217
3 8956
9 7817
6 3529
5 3853
8 9040
0 3255
0 2517
7 5147
2 6060
7 3696
0 9978
2 9641
1 5930
4 5558
3 7072
0 7221
7 55
9 2145
1 7349
6 334
2 6007
4 5291
4 548
5 199
0 7997
3 8167
5 1591
8 6202
7 4644
1 1831
5 7991
8 3758
5 924
6 5164
9 8562
7 1465
2 2240
6 9382
4 1299
8 50
0 2226
3 3101
5 9801
2 8467
1 4824
6 7217
6 4046
9 408
7 5185
9 5264
7 8631
6 4547
7 892
8 6960
9 8577
0 8256
3 3373
4 3207
6 5355
5 5140
5 6904
2 2007
8 5921
7 4775
1 1687
9 8958
3 3518
0 4232
4 1305
6 5255
6 5639
7 2602
7 5283
9 292
9 8333
3 7879
5 6617
2 2141
6 1189
3 7206
8 5044
1 4723
6 6581
3 1597
7 4665
0 7849
4 8948
8 8985
9 563
6 195
5 802
2 6250
7 2833
3 6821
0 6149
4 7553
1 480
4 8353
8 4342
9 9267
6 4258
1 9296
8 4918
4 8788
9 6738
5 2207
6 8924
2 1411
3 1086
7 9979
1 4783
8 3031
4 48
0 9997
5 3765
9 782
6 838
9 2274
6 4949
9 5608
2 4408
6 7521
3 9741
9 4072
1 7251
7 578
2 6514
7 1095
8 9953
4 4218
6 3023
0 5184
2 9667
7 7017
2 7503
5 7282
7 8686
8 7715
9 7648
3 2767
2 8774
4 8208
6 7281
1 997
4 9665
7 3545
9 4382
6 8850
7 7359
0 2452
4 9402
9 396
2 7969
6 3557
1 862
7 6082
5 2882
8 4327
9 895
2 1951
0 2573
3 1531
6 8652
4 3733
3 1534
6 8949
1 4872
5 6286
7 7852
8 8746
9 760
2 4525
0 9568
5 7427
4 8995
7 6775
8 7909
9 2937
3 9522
6 4423
2 2340
1 3814
7 547
1 4969
8 3014
9 4021
3 4332
0 6281
5 5276
6 9309
1 8348
2 3138
7 2328
4 7863
4 6666
9 2014
3 433
9 3482
0 6235
0 2195
8 4163
0 8421
2 8670
8 647
1 1395
7 7710
2 1443
5 2436
9 4366
6 4374
7 9326
5 6725
2 5578
4 4688
9 5848
0 8444
8 6570
1 7831
7 7457
3 353
2 1726
9 7962
0 2527
6 611
8 7371
8 4357
5 6754
7 3069
7 7785
5 4059
4 1954
7 6101
3 512
4 8137
2 1709
7 5015
5 2837
1 9648
4 8807
3 9794
9 4067
6 2804
7 9992
0 1004
5 8320
2 4877
8 3422
4 679
1 8821
3 6317
9 2306
2 4489
6 9282
7 5340
0 7400
4 1935
5 8104
1 229
4 1735
3 4031
5 78
8 8727
1 9289
3 4100
5 9985
2 4990
4 8041
9 8717
1 146
6 5210
7 1636
1 6001
8 9915
3 9576
0 828
9 1720
0 1578
5 5404
6 2287
2 1414
9 8653
4 9240
0 5593
1 837
3 1083
4 2482
6 8088
7 3505
8 8641
9 1312
6 9166
5 7370
7 3785
8 8089
0 8215
2 9645
1 8008
3 4537
8 1217
0 2064
9 4296
4 8931
6 8625
5 8290
3 1371
3 8362
7 9145
8 2369
0 5843
7 6644
2 7129
4 9306
9 75
8 5289
1 8442
6 5660
7 2329
0 4931
6 2404
2 7166
4 7296
5 6743
7 4329
0 8976
9 784
3 3068
6 5297
6 4351
2 5133
2 5347
4 5697
8 3224
5 2775
4 5366
7 691
2 6451
8 2227
9 3239
0 2307
5 5308
1 6913
8 7271
0 8585
3 4689
8 8980
6 8299
0 5904
3 9451
4 2052
7 5275
8 5939
9 6882
2 4209
0 1617
5 4356
1 7760
4 3483
5 9587
7 9639
8 2969
4 3177
6 9730
5 3441
9 4226
9 9845
3 7383
2 5853
7 6094
8 9033
0 7440
3 8847
1 2000
4 4742
7 9020
4 1324
6 7721
8 5708
7 9255
5 9387
0 4240
3 3349
6 4143
9 8596
6 1834
1 8206
2 1209
5 3985
9 9037
0 6381
4 1020
3 577
8 519
7 8699
9 6285
0 4260
0 8671
6 5984
4 2614
1 8010
6 793
2 1884
5 5010
4 9770
3 5702
1 6294
1 5812
6 5649
8 4036
2 7757
5 9715
7 4651
4 3172
9 8266
3 5948
6 8525
8 1397
0 2513
3 5993
5 2994
2 1787
7 3289
0 7542
3 2530
4 3589
9 6274
1 198
5 8665
9 5670
2 5866
6 5132
7 9602
5 1505
8 9262
9 3236
0 7182
5 5740
2 4129
9 9599
3 6489
4 2687
6 7481
7 7996
5 3656
0 2476
8 5820
9 5428
1 8313
1 3015
4 9029
9 3629
1 7847
6 5253
2 5056
3 5568
7 4818
1 1811
4 1980
6 9717
9 9032
0 2321
2 6664
1 5177
3 9070
4 3057
5 9950
7 5234
9 163
8 1418
6 7345
5 2093
7 5161
8 3635
6 5736
1 9390
0 7777
2 5488
4 3393
5 7513
0 831
3 3061
4 1460
7 7638
4 3290
0 9748
4 5227
5 1090
9 9276
4 7135
5 5004
3 1000
9 4069
8 5102
4 9015
5 9518
6 8358
1 2518
9 3794
7 105
4 7159
0 3628
2 1133
9 9293
6 4348
1 9016
7 481
3 3436
0 9222
4 3308
3 8876
2 6501
8 6303
5 9084
0 8017
0 2264
9 3831
4 2501
1 6676
3 757
6 6914
2 3603
8 5997
7 7317
1 4053
5 3186
3 1007
6 9543
0 4040
6 2910
2 1329
9 9147
8 7639
4 6605
0 3676
7 9279
6 6221
6 4445
1 884
2 5311
9 4385
5 148
8 421
9 5455
1 9093
4 8569
5 4855
3 3271
0 3051
2 3414
7 4137
4 5165
6 7875
8 6037
9 28
3 2953
1 4659
8 689
5 5838
3 7998
7 3087
0 9611
1 1969
2 3086
6 7688
3 564
4 8696
9 5403
9 440
8 1738
0 8278
5 8294
9 2425
1 542
2 7573
7 2717
8 7577
0 8004
6 7187
6 3435
0 9675
5 2037
3 9504
4 3371
4 5905
6 2561
0 5947
9 2302
1 6859
5 228
0 5099
9 1039
2 5458
3 2325
7 9607
0 2099
7 492
8 8258
0 5967
4 1775
6 6929
9 1519
2 5009
8 5231
1 7189
3 8000
0 3264
5 7146
5 824
9 9348
3 5279
7 4088
0 8530
2 4517
3 2049
7 1626
8 7716
4 1255
1 7001
5 9636
6 9349
9 8783
0 9
3 3495
1 2764
5 4942
7 2413
9 5318
2 8595
4 8646
9 4436
2 1455
6 5268
8 428
0 4474
4 3822
8 2829
9 6763
0 8863
4 705
2 9857
3 2268
4 6630
1 8406
6 9712
4 2265
5 4839
7 4483
1 525
6 4344
5 380
8 5436
2 8015
9 5024
0 1392
4 7913
5 3328
7 1604
7 9242
3 5337
8 5868
1 1812
1 365
2 8607
6 7257
2 4664
7 1613
2 4169
3 8935
4 3336
8 224
9 3795
2 4421
0 5819
1 3005
3 7450
5 4181
5 6258
6 3166
5 9308
7 9527
5 7510
2 8939
7 6509
0 80
2 8730
5 9528
1 5775
3 5953
4 4317
8 6198
9 9132
7 6603
6 7226
1 516
0 6350
2 6520
3 5554
3 7236
5 9095
3 723
5 7851
9 2020
4 1581
7 7215
8 2511
3 855
5 4522
8 1041
1 1442
9 7617
0 7766
4 865
6 6485
7 1475
2 5858
3 6083
5 7718
8 9596
5 9156
9 4170
0 6400
8 1665
6 2989
1 3125
5 4743
9 2868
7 1132
4 434
8 2993
8 1093
0 4419
6 3790
2 6116
1 9672
3 4861
9 9831
8 3917
0 6135
7 2289
2 5066
5 7431
1 9002
4 2653
5 5714
8 165
6 2267
5 3986
3 9634
0 8086
9 4481
7 7200
8 7102
2 8080
6 3509
1 2759
3 5776
4 6873
5 4773
0 4066
4 4760
5 9830
8 9605
9 1727
0 9023
4 2327
7 4439
5 3162
1 8336
2 4619
5 4766
6 7986
1 3581
2 2132
5 3013
6 5014
3 72
6 9827
8 7644
3 9783
9 4497
0 2877
1 2563
2 5053
4 4231
0 4596
1 9855
5 8725
6 1399
7 9598
8 3579
3 8971
4 5626
9 7315
6 1849
6 4392
6 4304
2 7121
6 1282
8 8503
0 9934
2 8870
1 9593
5 896
0 5183
7 3338
2 2237
3 252
3 4460
3 1099
3 6102
4 8188
5 7873
0 5912
9 10
7 6531
3 4678
4 7301
6 5515
8 2596
2 6361
5 3326
0 5222
9 6545
7 1565
1 8718
3 6863
4 9320
6 3126
8 5388
4 9126
2 3252
5 2672
0 5446
6 4045
9 9912
7 8369
1 2111
1 5591
3 3437
8 9052
4 3724
2 7177
1 7763
2 9786
5 5485
8 7463
3 8267
0 3674
4 6936
5 2577
0 4184
4 3670
6 8232
8 5969
9 9608
3 5410
2 5096
1 6002
4 216
7 7767
8 9669
9 9436
9 6934
6 8051
6 7985
3 9936
5 3498
2 2171
0 639
1 1784
4 1718
7 6356
5 8803
9 5437
1 8435
8 6197
4 7771
6 4694
3 121
7 3541
4 8775
5 8801
2 3250
0 1978
6 1822
3 5427
7 1641
9 4224
1 1398
7 1776
1 1186
7 1545
8 2120
4 4450
5 8714
9 1476
2 7069
0 769
6 8165
3 4592
1 454
5 2526
7 5064
9 6672
8 2478
4 2711
0 7252
6 5870
0 6264
6 1401
2 9301
0 5962
7 9550
3 7150
9 2310
1 6186
6 2575
5 9896
6 9088
8 197
4 5884
5 7768
2 7028
6 1078
8 1330
0 3554
4 4741
0 7313
4 429
2 5284
5 2308
7 5950
0 8372
3 7002
6 5943
2 8380
9 9966
8 8592
1 4559
5 7725
7 8959
6 7823
4 1364
2 4494
0 394
3 6161
1 1430
1 2650
5 1535
9 2823
7 9352
8 5495
1 591
5 4595
8 8557
9 9366
6 2282
4 7293
7 6806
2 1467
0 1970
5 2041
8 2088
4 3297
7 9208
3 1537
1 6837
1 3597
9 6718
6 9067
1 5888
1 2626
5 9690
2 1267
8 4333
9 1918
5 7076
0 311
2 4110
4 51
6 9467
7 3641
3 8720
1 1082
2 9907
6 8844
8 4800
9 5771
8 7183
5 5653
7 9392
0 4719
9 4919
3 3918
8 4645
1 9881
5 3665
4 8825
7 6204
5 9695
2 3896
4 1586
0 1589
4 6080
7 6958
9 8005
3 341
5 1410
4 4044
6 6563
2 3739
8 6331
1 3998
0 1842
3 2298
3 8120
5 6941
7 8355
9 7196
4 4140
2 2318
1 1515
2 8904
5 960
3 8083
6 9378
7 4708
8 1700
5 8945
0 1962
3 8153
6 9059
1 5079
7 9555
2 8096
9 4962
0 4477
0 9674
4 4452
0 5551
8 993
4 2753
6 3450
5 3689
0 3774
0 6113
2 5602
3 1106
8 597
2 2657
1 3638
2 4882
4 2958
7 6210
1 1835
6 5214
6 2637
8 383
6 3202
9 8544
7 2091
5 4795
7 6473
1 3837
2 7089
8 7878
0 3606
4 528
6 7372
3 7272
0 7735
6 9321
9 5415
8 4449
5 7949
7 5350
1 4814
4 6982
7 6813
2 6667
3 251
6 9924
4 565
9 4432
0 6834
4 4583
7 4519
8 9640
5 3270
2 792
1 8305
3 4599
8 7106
6 5144
9 1369
5 5829
0 9174
2 3272
7 8673
4 9223
1 5462
0 9688
3 5295
2 6106
7 8787
8 3749
4 7156
6 3651
1 4501
0 1927
4 1473
9 9869
4 6925
3 9271
5 6659
2 1675
5 4182
6 2555
7 585
1 8820
0 5499
7 7198
8 174
6 6121
9 12
1 3033
0 5425
4 2118
3 2769
7 1783
6 7779
2 345
6 9185
5 5524
0 7047
2 2588
4 9073
6 4229
9 3736
1 2238
7 3251
3 908
8 3911
1 621
4 3493
5 664
7 3357
2 2850
0 352
2 2373
0 3543
4 2254
3 2710
0 2551
6 5916
8 2446
9 5025
4 8677
2 901
1 2419
0 5344
6 5841
3 4906
5 638
7 7395
8 1821
9 4930
9 7994
0 9946
4 3107
2 9220
9 5309
3 8579
1 5897
3 1179
5 4927
0 561
4 1523
6 9628
3 2983
7 2685
5 5456
8 9120
2 8449
9 4802
3 6966
1 909
1 4666
7 7408
1 242
5 1172
7 8310
8 3030
0 9698
6 5076
4 1524
1 3376
2 3365
5 1150
4 9210
7 7740
1 6383
2 2679
9 545
3 6293
8 3489
7 5457
0 692
4 6261
6 6753
7 7245
0 2061
4 1373
1 4842
6 2316
0 1827
2 7025
7 326
4 2564
9 7600
1 5876
5 324
3 4381
8 7957
2 7263
6 5769
7 8789
0 973
6 7467
1 4683
4 9274
4 7961
9 5413
0 6804
5 4977
9 4763
3 7179
8 1989
6 9905
1 3136
2 6831
9 9417
4 7552
0 1385
4 1670
7 3109
5 6523
4 3192
1 5083
3 9246
8 9544
2 3421
9 9529
4 7101
6 2978
3 2089
6 3562
0 7545
3 7755
7 8688
8 4711
5 5362
6 116
2 8813
9 3313
1 9708
7 930
4 7167
7 9977
8 7667
4 9327
5 4705
6 8636
0 7743
3 5357
7 933
2 1680
8 4433
9 8615
2 3135
1 8724
9 4192
4 4112
8 9872
5 7520
9 8628
2 9888
6 3312
1 6607
2 6540
4 999
0 5857
5 7292
8 1509
6 5833
3 9949
1 8848
9 6160
7 4326
0 1304
8 8202
2 418
2 124
4 6466
9 1032
6 4148
5 6751
9 5835
6 3194
7 6937
3 8493
5 5220
1 619
6 4643
7 2643
0 6288
8 8404
8 3048
8 9661
8 7308
2 8531
4 1276
8 4230
1 1576
2 3630
3 1648
9 4049
4 5914
8 1063
1 3625
5 7248
6 7392
2 5705
9 7795
7 6614
8 8195
3 6593
1 7464
4 5633
0 7619
1 7662
6 8687
0 6665
5 7195
2 9498
9 9610
7 2648
4 6803
8 3240
6 5288
9 2977
3 4552
1 5242
5 9914
8 8384
0 9298
2 9494
9 9133
2 8269
3 1572
9 5082
1 2084
2 9483
5 8366
3 8749
7 9153
4 3981
2 6508
5 7380
8 6456
6 6483
5 8872
0 4422
9 3978
4 4682
7 1235
6 5327
1 4756
0 9642
9 636
4 416
3 5642
7 3310
6 8009
2 3427
8 3279
0 8300
5 4430
1 9580
4 5725
9 6308
0 2824
0 8663
5 6420
7 2949
1 6918
0 9537
3 4968
4 5055
7 3866
9 9799
2 9109
6 850
1 543
8 8851
5 627
4 4796
9 3502
0 4027
0 9531
4 4770
3 3979
0 9168
7 7786
9 3611
1 4668
6 7947
8 2985
0 2627
2 7479
7 8316
4 3801
5 4846
9 3322
1 796
3 2655
9 8275
1 4457
3 2148
9 1136
6 6707
3 2259
8 3062
9 1201
4 3788
0 575
2 7826
0 5432
2 6225
7 1634
2 3546
1 3847
5 6975
8 6000
9 598
5 2762
7 6539
9 7246
2 3206
4 385
6 6987
7 20
1 3890
3 3705
2 187
7 2878
8 7366
1 4922
4 6645
6 6368
8 2366
0 868
5 8894
7 8695
1 4673
4 3652
8 6438
9 8802
3 1644
9 1631
5 9731
7 2473
1 1697
3 4051
4 4545
6 5704
0 3003
7 9926
2 7447
5 3094
1 6359
9 734
8 8456
3 6524
4 573
6 941
2 903
0 9043
2 4540
0 6583
7 8650
5 7050
8 3292
1 8861
2 9835
0 7405
9 849
3 9074
9 7900
4 8565
7 5059
3 9927
5 1070
9 2506
6 7928
4 2680
8 3888
1 3604
8 3823
1 4944
3 1693
7 2999
1 9275
8 2970
2 7637
5 2785
3 7651
1 7989
9 5085
0 8928
7 3704
8 1544
1 6187
6 2252
2 5022
5 7733
4 8395
3 8329
9 1346
0 2667
4 5374
6 2789
2 9057
7 3829
8 8430
0 1673
5 520
1 6502
7 8492
3 5193
0 3504
4 7027
4 3686
2 3153
9 3288
8 1231
6 2042
5 7098
0 6349
1 5367
5 9192
5 2055
7 8303
0 6852
3 5029
1 9623
4 3423
7 2107
0 1832
2 1987
3 3081
9 138
8 2590
5 8535
7 6193
6 5564
3 322
9 4050
1 3368
4 9434
3 2229
8 3616
0 3379
9 6376
2 1010
0 5453
7 4671
6 4952
1 9752
2 7144
5 7729
4 7013
7 3745
4 537
3 5282
7 797
8 7160
1 9569
5 1040
3 4261
9 951
8 7143
8 9425
0 3418
1 5332
4 257
5 7720
6 773
7 9904
6 153
2 2810
3 8388
7 2784
8 576
0 6931
9 1351
5 2445
6 7059
5 7415
6 5408
6 859
1 2009
4 4365
5 3781
1 8013
4 82
2 5447
3 9022
2 498
7 2029
6 6408
4 3777
8 6589
0 7820
3 4175
4 9679
5 6541
1 7099
7 485
8 113
9 3805
2 1705
0 4628
5 2851
0 9656
6 4081
6 179
7 3120
8 6287
9 41
3 3935
7 9268
1 7022
4 3477
9 7421
0 8759
2 9922
3 2605
2 9829
5 1824
1 2963
3 9649
7 4738
6 4967
4 9373
2 7377
7 2503
8 3708
2 7567
9 4582
5 9399
7 1606
1 7931
0 8624
3 417
8 8378
6 9259
4 2628
9 736
6 2019
5 5707
6 2640
1 8145
4 3655
9 4888
2 4225
0 7290
3 4281
7 24
8 1632
5 8400
4 7673
6 5665
2 308
0 3300
1 604
3 3339
3 9793
7 5941
3 7604
9 1169
7 6199
6 5531
2 6132
8 6229
3 8975
5 3958
2 5893
8 8504
4 47
0 1307
9 1501
0 5681
1 5825
9 4753
7 8341
1 6332
1 154
9 6517
2 9575
6 8253
8 6854
1 5306
2 3445
0 7992
3 8739
5 7124
0 8638
4 4324
7 7191
2 7956
9 3872
6 4282
8 2520
3 7302
8 5514
1 6768
0 650
1 3269
5 3083
1 5466
4 2975
5 4718
7 3355
0 4896
2 1102
4 6423
5 9090
9 3258
0 3843
7 7054
2 7225
6 9974
2 6089
4 580
3 8817
6 4376
1 1552
8 3205
5 8812
6 775
0 1934
9 5990
8 6205
5 4387
8 6567
7 3475
2 643
0 9200
9 509
8 4135
1 2913
4 453
3 6365
0 2721
5 9956
6 9465
6 7414
9 4663
7 3605
8 400
2 4726
6 6246
1 4273
9 8513
4 7887
4 607
3 464
7 1456
3 1614
7 6189
0 7460
8 8734
5 7475
2 6458
6 3105
1 6976
3 9089
1 9618
9 5713
7 2214
0 1510
7 9158
0 2622
3 3474
7 5575
4 3584
8 8243
1 2461
5 3763
9 5501
4 472
2 646
8 3534
3 8078
0 2704
7 4615
6 2294
5 6142
7 7739
6 789
4 6507
1 3434
5 6674
8 1955
9 5080
7 8510
3 7999
6 690
2 6771
0 931
7 6651
4 6772
1 2277
3 6694
5 7783
6 8702
2 4509
6 3555
8 2432
0 5977
2 4617
7 2922
9 2046
4 9269
1 8864
1 1031
6 3690
3 5638
8 8907
0 6908
5 7161
6 3533
3 6727
2 2409
8 3657
7 6352
9 5435
0 1381
7 3956
4 7557
5 8033
9 3408
6 8810
3 9121
0 9118
1 891
2 9169
7 7034
4 5522
1 8238
5 4498
8 3720
9 2156
2 5038
6 4910
7 5527
3 7754
4 6152
1 6301
0 5109
5 9368
7 3537
8 4294
9 6334
3 9005
2 6783
2 451
2 2347
4 3110
1 2533
6 9193
0 8349
2 4884
4 1517
5 7170
7 483
0 2580
1 8154
6 4113
8 3341
4 185
9 6247
3 3018
2 4901
7 2291
0 2448
1 1057
5 2095
7 6971
8 7312
0 7358
6 6637
4 885
5 716
5 9008
7 9122
8 9910
0 8185
7 458
5 254
3 3463
8 5734
9 6629
2 1877
6 5491
4 7018
5 3157
1 8988
4 1094
3 8778
8 3016
5 7118
9 6698
2 5823
1 8786
4 5504
0 2862
1 3682
3 2800
7 1732
0 6736
8 3354
6 618
5 3211
1 7570
9 5863
3 8508
7 7911
6 271
0 1130
8 5320
2 233
5 9140
9 922
1 1886
9 617
4 7821
7 129
3 74
6 7684
6 2108
0 8022
4 275
7 7204
8 2893
2 2394
3 1522
5 5459
2 7070
5 9740
9 6178
3 4677
1 4570
2 9745
6 1678
0 8978
4 2545
6 7970
7 7728
9 3666
3 5887
8 7517
0 7705
1 5895
6 3492
7 9343
6 5277
5 8231
7 1212
6 7880
9 9288
2 112
5 2974
3 5635
7 1313
6 3903
6 1859
4 8529
8 8416
0 2740
2 2777
5 1570
3 3791
5 3399
6 7756
1 7326
1 2766
4 3209
8 5579
0 3507
7 2164
9 7068
4 4699
2 6765
8 9413
0 6811
3 335
0 1807
5 2720
7 8588
6 357
9 5146
1 5401
3 4097
4 2581
0 8221
2 3865
1 9840
5 981
7 3332
6 8605
8 9408
9 3830
4 9940
4 8649
4 2547
3 4832
4 4375
1 5826
5 670
1 6441
0 2534
5 4907
2 4975
7 7016
6 4892
1 7084
6 8760
1 5047
6 701
8 7442
9 1044
0 5873
1 7690
5 2068
6 8039
6 5800
2 9506
3 4018
6 6216
4 6565
7 8357
8 2658
9 9681
2 5955
0 8537
9 6336
3 1770
1 3259
6 3372
2 2480
3 4837
1 7402
4 1296
7 6006
3 4900
5 7562
4 7437
9 8248
8 1264
5 7963
6 253
0 2947
1 109
7 2322
6 2199
3 3001
8 1316
0 6269
2 2467
7 5726
4 3610
3 6631
9 9277
8 5414
1 1325
2 6270
5 8862
7 3175
0 8642
6 8443
3 266
4 708
4 3643
9 1973
4 4869
1 1159
4 4316
5 467
0 783
8 2337
1 265
7 4878
2 8664
6 8194
5 2992
0 9844
3 1066
8 1518
9 8534
7 3340
6 2250
2 9384
4 350
6 5049
5 5430
1 1869
0 889
3 7258
9 1400
8 8601
1 452
1 3174
7 5211
2 1661
2 3401
0 1861
2 4370
3 8697
4 5643
6 398
5 9406
9 8715
2 7856
8 7603
4 2745
6 8694
1 3922
7 9409
4 558
9 7407
5 3729
0 1754
2 4166
6 5233
8 5759
3 3561
5 3862
7 3147
1 6519
2 2908
4 4138
9 213
6 5535
0 3730
7 2920
5 5764
8 3994
9 2803
5 9344
1 7037
3 9194
1 122
7 8922
2 8967
6 8259
2 8832
4 893
0 3280
8 8507
9 6049
3 98
1 822
5 1621
0 6488
2 2788
2 4108
7 7770
8 864
8 8451
2 9765
4 6588
6 6822
9 6662
9 439
3 7814
7 7381
8 3664
3 5790
4 1879
7 4985
2 4808
6 2490
1 4934
7 9571
5 3218
6 1279
8 6823
9 449
0 7332
3 9157
4 6013
2 6333
5 2591
1 6841
7 6967
7 9873
0 1557
6 3281
7 7199
8 9395
2 1708
9 2178
3 1284
6 1076
0 9984
4 7988
5 878
7 3146
9 4147
8 5381
1 5152
2 4607
3 468
0 8792
3 4061
6 5806
4 5978
3 4054
5 4727
6 840
8 7052
4 189
1 4308
5 9442
7 5472
9 3404
1 5416
8 4955
5 9374
4 9197
6 5294
7 64
8 7035
5 5787
9 57
2 5257
4 8207
7 1538
8 6875
0 2525
9 4171
9 8679
1 7918
3 8992
2 4978
6 2418
7 4011
2 5994
5 704
6 5757
8 8524
2 1067
5 4076
0 488
4 5261
6 1016
9 8756
2 9079
1 9811
5 9458
5 3049
3 955
5 5359
8 4299
4 3432
2 4075
4 5743
5 3500
7 2552
1 1979
2 4124
4 7420
0 6601
5 5519
6 7426
7 5392
9 3389
1 5885
3 3348
0 8168
0 3185
5 7640
8 1250
9 2736
8 3992
7 9381
2 6125
4 4642
9 3076
1 3515
0 5537
3 6734
5 5617
6 566
4 3459
9 3486
7 7211
8 2557
4 2909
1 8521
7 9797
0 3887
2 8700
3 7578
9 7652
4 2345
7 3826
8 2836
1 3608
3 6248
5 2242
5 5756
5 8317
0 5280
5 84
6 1750
2 9189
4 5807
9 574
8 3825
2 7127
3 4314
7 4893
9 4904
8 1875
8 3506
1 9553
5 2421
8 1539
2 7443
6 69
1 2965
4 139
0 2243
5 6942
8 1713
3 5727
5 8245
8 9460
2 5680
5 3366
7 2793
6 4702
3 7224
5 2586
1 9449
7 6926
9 3759
4 5121
8 1055
1 630
2 5169
7 1741
6 7526
3 2755
0 2166
5 5647
1 4289
9 6739
4 582
6 8966
2 3709
8 4526
7 7675
0 1690
3 1073
5 4106
9 3660
0 6230
1 2524
3 2505
5 6585
8 9143
2 2694
4 4899
6 6909
9 244
4 9743
7 9932
0 3499
6 286
1 7378
9 8257
4 5363
3 781
5 1438
7 2509
6 8134
8 9524
0 3846
2 5818
9 3188
1 3948
3 9039
4 4798
7 4328
4 6494
5 2334
4 7772
7 1112
5 4363
6 5573
4 623
7 4933
8 8354
0 6434
2 7103
4 5502
5 2036
0 8177
6 4064
9 2423
1 8610
3 8703
8 8498
7 370
8 2427
5 7525
0 6544
6 3511
4 1932
2 3455
1 707
7 1789
9 9497
3 5
8 943
6 2809
4 8084
5 1752
2 5200
0 1744
2 7141
4 3721
5 4633
1 6689
2 4618
1 6201
3 9778
8 5135
9 5217
7 4646
6 7207
9 8379
3 1663
7 6330
0 4438
4 1056
5 4405
6 4768
2 6039
3 2930
0 7837
1 815
3 5959
9 3971
0 9516
8 9943
7 1127
5 5836
5 2073
4 4390
6 4144
5 9416
6 376
0 3100
2 3692
5 7163
8 8906
7 2043
3 3116
9 4998
2 2562
1 4291
5 4032
4 7719
5 4496
8 4270
9 7912
6 1878
4 3753
5 4280
0 8058
2 6625
8 9651
8 9141
9 7543
1 4857
6 7065
7 8552
8 4394
3 4315
9 9235
3 5753
9 1128
4 3904
1 5016
9 1564
5 2249
0 7240
9 6920
2 9069
2 1462
2 5438
5 4364
6 5562
7 9883
2 4521
6 5750
0 7839
8 9146
9 4631
7 7709
3 3028
7 348
4 5560
5 1394
7 1689
1 3080
6 3726
7 6378
0 8771
5 7422
7 9252
9 2411
1 6343
2 8178
9 2330
9 2263
6 3563
3 1683
8 6767
0 5949
4 4136
5 8620
7 289
8 6087
0 7250
9 5594
9 7579
1 4309
2 3070
3 8057
6 501
2 43
4 5585
5 491
9 123
1 722
7 5946
0 6073
3 8853
2 2589
8 2853
4 6708
4 3047
6 6999
5 8496
4 9324
9 1651
1 9583
6 2609
5 5127
0 7213
7 4960
4 6305
6 9028
9 3479
2 2849
3 6745
1 1968
8 7677
5 6363
7 4338
4 4532
0 9952
5 9064
6 8912
7 7776
9 5742
4 4841
5 1058
3 5266
1 1012
7 1852
9 3552
7 6621
2 4854
9 1248
8 1222
4 6224
5 226
0 3026
0 3905
3 3860
5 4812
6 8800
1 5529
0 9632
0 1042
7 3966
3 8533
2 9624
0 8147
9 4453
8 6833
2 5891
0 4669
4 7433
9 8932
5 77
0 715
6 2063
8 1494
1 7081
8 4441
2 2725
8 2241
7 5296
3 6139
3 5370
7 8684
4 8110
2 342
7 5489
8 3327
9 2671
0 3440
4 4447
3 4804
6 8196
5 2761
7 7968
8 5621
1 4714
9 9414
4 5335
6 175
4 4228
2 2613
5 177
7 1655
8 3719
0 5032
3 1199
0 6867
6 1611
2 6752
3 8993
4 1432
1 1682
3 8830
1 6118
9 9365
3 3927
5 9937
7 7361
4 3227
9 5934
2 8216
8 4462
1 9051
5 1743
0 3331
5 3596
3 2678
6 4331
0 923
2 8410
3 7270
9 9437
6 2820
7 6955
8 466
0 6454
7 272
4 9287
4 117
5 8407
7 7588
3 4471
1 1321
4 3707
5 2901
9 5087
6 7713
7 7096
3 1725
2 4528
8 6124
1 1345
4 5761
5 799
0 6527
9 351
9 5351
6 7707
9 771
6 5546
3 8072
7 1876
2 2070
9 9761
1 5215
4 4939
9 916
8 4867
6 6084
1 894
3 6649
0 8365
5 7504
8 8738
5 5190
6 5421
8 562
7 7175
2 1450
5 5490
1 2747
3 8991
4 3235
8 746
9 6719
0 1997
0 8619
7 6344
0 6340
6 4012
7 7890
1 8637
3 7222
0 6316
4 2101
8 1434
2 7006
9 3510
6 8291
7 5239
6 9562
5 9920
7 5503
1 6020
8 6018
2 7815
6 4091
6 2151
9 7952
3 8563
0 4733
2 3662
4 5907
5 767
6 1131
2 7168
4 6737
7 4799
1 7040
7 7717
3 2875
8 2059
6 3627
2 2825
3 5497
8 4488
9 9383
1 1542
3 2472
8 157
0 3650
4 494
5 4874
7 388
8 9842
0 445
6 4523
0 522
9 4752
2 9218
6 4971
0 6905
1 144
2 2038
9 3430
3 2024
6 7906
0 4201
0 7300
5 9188
7 2304
1 950
2 9323
4 2454
3 3782
9 7188
5 1485
6 5694
8 7455
1 220
2 164
3 4747
9 3953
9 7915
0 5717
4 186
7 1161
6 2594
7 3335
6 5839
5 9742
7 5960
8 1688
1 2529
2 3232
6 8077
9 8133
5 7701
0 4600
3 2642
4 1640
9 7539
6 4769
7 7589
5 8156
0 727
8 9111
0 5480
3 1702
1 7079
4 947
9 7620
6 2799
7 6395
8 9422
0 8545
2 1492
0 8997
2 655
0 5252
0 5119
3 5584
5 2857
0 6030
1 8523
2 1823
4 7491
9 6185
0 3102
3 6396
6 1303
7 8189
5 5636
8 5464
2 610
1 9556
1 5389
9 4300
1 3257
0 6472
3 1036
4 2216
3 1310
6 5305
6 8226
5 8203
9 4997
6 7494
1 6460
7 1780
0 1622
7 3542
6 2003
8 8252
4 1228
2 6597
6 2124
8 5622
3 6029
5 7333
9 8500
0 7582
4 7178
7 7731
2 7209
6 8021
1 2860
3 3995
5 5246
8 6440
7 3453
2 7799
9 2266
0 8816
6 7704
1 4844
4 5850
3 7706
5 4223
1 4911
8 2083
4 3982
3 8422
4 7294
5 8910
2 5587
7 6329
1 7038
9 4730
4 2281
0 9316
8 5991
2 2578
6 8960
7 6490
1 8098
3 1124
6 609
5 2450
0 7113
8 1808
9 3688
1 6705
6 8809
2 2795
4 9737
5 3464
4 890
0 1017
5 7134
7 4293
4 2153
8 7571
8 5772
0 7966
3 6579
0 4805
5 6903
7 4746
9 5035
1 1274
4 7676
6 8146
5 386
2 9720
6 6797
8 7331
7 2062
3 2826
9 5900
0 5625
6 6320
1 2001
6 1813
8 510
4 1933
6 448
9 4165
3 989
5 3681
0 3156
4 8704
2 5989
4 2303
1 6578
9 6780
8 8324
2 3201
7 1176
5 4465
0 8062
2 9363
6 7924
3 6827
6 9687
7 8228
4 745
4 752
1 4052
5 6897
9 6448
8 9144
0 4146
9 4199
8 1357
2 9916
4 4880
0 8555
1 8119
5 6240
3 6959
9 4825
6 5452
9 366
3 5869
6 8647
9 3914
7 6484
0 89
1 7057
8 6341
2 8445
4 1728
3 3333
1 8582
8 7533
5 4921
7 3586
0 6387
4 6401
6 5942
6 9541
3 1006
9 8657
2 8298
6 9652
5 4168
8 1268
0 3299
2 4778
7 6547
1 161
0 1034
4 9421
2 5163
7 550
7 115
3 6498
7 180
1 1696
5 8914
6 7681
9 2188
8 7085
9 247
3 7228
9 1081
7 1786
3 6844
0 3840
4 4925
7 3671
1 9970
2 6653
3 2182
0 4393
2 4847
3 7674
5 4398
6 819
0 3950
3 8609
5 1901
8 2447
9 6654
7 7547
1 2015
7 1453
1 1270
4 1530
0 7067
3 9911
5 269
8 8018
7 4541
2 49
8 7397
1 128
9 8352
6 9893
8 363
4 3619
0 5112
1 3941
3 8312
9 5813
1 9847
3 1447
6 7197
3 3053
5 551
9 937
8 7169
4 4435
6 6353
7 7020
2 8448
6 9407
7 9438
5 7512
9 8163
6 3582
7 4999
0 7784
0 9838
1 2714
8 9929
3 21
1 160
5 5373
4 9477
8 7611
9 1333
7 8522
2 8845
3 2280
6 4630
3 403
6 336
6 8548
3 6275
0 5229
5 3672
4 5386
8 5547
6 9423
5 209
9 2317
3 5484
0 4010
4 6374
7 9078
1 5194
6 3996
8 2731
2 8286
5 6608
8 3249
9 6839
9 9071
0 5846
3 7212
1 3244
4 5292
8 4695
7 866
3 9013
8 9655
2 7747
6 2623
1 6492
8 7339
5 9049
8 7484
9 3821
0 4238
2 7535
5 3898
4 2183
7 7390
3 8210
6 7261
9 5980
0 7824
1 5205
2 5002
7 2647
8 7254
4 427
3 2271
9 5545
0 2398
0 1751
5 1113
6 2018
7 3519
1 6327
1 2723
8 118
2 5342
1 6868
4 2336
3 3809
4 9457
8 8429
9 5471
9 7334
0 9630
5 1794
6 2458
2 6207
7 5716
1 9017
6 8554
9 7990
5 2939
3 7449
4 2569
7 4831
1 3622
8 4216
2 1583
6 1724
6 1436
9 6628
0 8465
9 3775
0 4728
5 5310
1 3390
3 3706
4 5196
7 6422
5 9047
8 5249
6 6636
1 2749
2 6409
5 7812
3 7108
8 1025
5 6818
9 5105
1 710
4 3725
8 9967
3 2173
5 8082
0 9738
7 193
4 4626
3 2821
6 6479
9 5120
5 6431
1 7153
2 9682
1 5057
7 4573
8 8423
2 377
1 1772
7 6923
1 6148
0 9162
1 8244
4 515
8 7658
2 3334
9 478
1 718
4 3523
1 8144
3 1187
6 7686
7 9650
5 2126
1 3231
0 2293
9 4254
3 406
7 1866
4 4889
8 1595
0 7809
2 5341
2 7965
6 2285
2 9263
2 8332
2 5788
5 4544
1 7696
3 3278
3 6358
3 4604
9 3467
7 268
1 2344
4 3661
6 3043
8 6557
3 8230
6 1782
0 6459
2 8485
7 6680
0 5307
5 9766
6 444
2 1238
7 1851
9 807
0 6151
5 4850
1 7093
5 2636
1 583
4 5533
1 2128
8 5479
4 939
6 8515
3 5081
6 4780
2 9774
1 2125
7 3540
3 3940
8 1018
0 3859
4 3712
2 300
9 5329
6 337
1 221
5 6272
8 419
1 9848
5 3324
0 9098
5 9270
4 3130
2 7531
7 9551
0 949
3 4981
8 6319
9 2399
4 3988
1 7490
6 5007
6 3446
5 1792
3 1211
2 4087
4 8627
5 6318
7 531
1 2314
0 4994
3 6445
5 5749
8 8474
9 7643
4 6475
0 3243
3 7351
6 6673
8 8584
8 4622
4 1059
5 8272
2 1848
9 1590
7 9960
1 6273
0 1343
9 3222
3 6744
6 6792
7 7634
4 6939
8 7532
1 6683
2 176
4 8408
5 6716
8 2719
3 5675
6 1619
3 8612
7 7077
0 258
5 2261
9 2449
3 9164
8 5793
1 1091
2 497
3 3164
4 3488
8 5259
6 9480
1 8186
7 786
7 5221
7 9789
0 9337
3 147
5 8112
7 2402
9 3008
0 8772
4 2748
4 7051
8 4885
6 6748
4 3779
1 666
2 3187
3 3576
6 2932
5 5219
7 2121
3 5735
9 9988
4 8567
6 8124
0 1654
1 929
2 2617
8 2301
4 5973
6 3516
5 1701
6 3538
0 6709
7 8882
3 9822
9 7032
2 3490
1 2705
1 2861
6 9758
8 2027
1 9612
6 4198
0 4006
4 6679
7 4610
3 4781
6 3296
9 2486
0 7627
2 1562
5 9584
2 2907
5 8092
7 5156
3 7412
6 9890
5 270
8 9355
1 1361
2 5122
5 4246
7 936
9 6017
2 8113
4 9372
4 4937
6 2106
7 3990
3 8692
8 635
0 5785
0 4620
1 3145
5 4511
9 173
1 5270
2 1486
6 6226
7 2065
1 8961
4 9481
2 5153
3 8838
8 2959
0 8865
7 6038
9 3819
5 3050
6 3344
7 323
3 7550
5 2521
1 2587
4 3458
6 4264
2 296
5 8675
8 5500
9 6071
0 2887
1 4478
1 7884
0 544
6 8458
7 3425
1 2928
2 8155
3 6796
0 753
5 3984
7 9707
6 719
4 9401
8 605
1 8690
2 6954
3 2076
9 3318
0 5092
5 9601
5 6568
6 9238
7 8942
4 1368
5 8414
4 2005
6 9011
1 3835
8 4725
2 1667
7 2733
3 4406
1 770
5 911
8 4648
9 1723
4 9131
0 6367
7 2085
3 8793
6 4142
3 3838
1 7288
2 741
6 450
9 3807
3 1941
5 6351
1 6411
4 1820
2 8073
8 3757
0 6543
6 7360
4 5712
7 2272
2 8295
8 34
8 7722
9 7613
0 4424
6 1865
9 1882
3 8799
0 9396
4 125
7 8769
5 3099
9 5662
1 644
2 8424
3 7376
9 6093
0 2619
1 6260
4 7745
8 2553
1 4788
2 4858
4 2768
6 3394
7 2566
9 262
8 6267
0 7024
5 2386
2 2087
1 5325
3 5460
7 4073
3 9190
9 938
7 4898
3 6046
0 5238
4 7597
6 3659
7 8322
8 6312
7 2255
2 9340
3 6392
5 8176
0 4412
1 4211
7 589
2 1669
4 4636
3 1149
6 6832
9 9747
6 53
9 3683
0 5525
8 1638
1 1677
7 5071
6 3894
5 3632
7 9163
2 4404
9 3007
0 6195
4 2174
8 3713
3 2574
0 7468
1 5072
6 685
5 2870
7 7193
8 8260
9 6671
2 1785
9 4334
6 7546
9 238
3 9260
6 7391
4 5097
9 246
0 2459
1 5136
3 5287
2 3134
2 4866
1 5149
2 9691
5 4917
7 5434
8 4321
4 6255
2 8796
9 6025
0 7154
3 9644
6 8405
8 8264
5 7389
7 6162
1 4989
7 381
9 3283
0 4473
3 3658
1 2393
4 1766
9 374
2 8479
0 6686
6 5915
7 4237
8 6569
4 7987
3 2780
9 2873
5 1630
0 7064
1 5671
2 9788
7 2701
6 1908
2 1681
2 841
3 4512
7 3568
8 9684
9 301
4 261
6 9819
5 5971
8 4963
0 7398
6 8475
1 1184
2 6171
3 9677
7 6219
8 8486
9 3460
3 3306
3 5494
6 8227
8 7174
1 4554
4 3384
2 7507
5 3558
0 6180
1 1412
6 6146
8 6491
2 9135
4 3063
7 2896
5 5001
9 6266
1 4518
3 5855
0 2223
3 8116
8 7278
6 6860
2 3740
4 13
3 4043
8 8143
5 364
6 7122
2 6059
7 2926
4 1071
9 6510
6 5473
3 6560
1 1074
0 3885
7 7097
9 9499
8 8556
1 9202
5 9063
4 7048
2 8977
6 9861
3 6776
7 3190
0 9776
5 8979
9 1778
8 9205
4 4262
9 1747
8 5123
1 8644
4 5794
2 4584
3 9545
6 7176
9 7844
7 2006
7 3815
9 45
8 798
7 717
9 3916
0 4717
7 8106
1 7210
5 3600
9 4414
4 5699
8 700
2 9431
7 3225
0 2439
5 1629
3 8350
6 698
8 7374
8 2646
1 7678
9 9058
2 4704
4 9606
8 7774
0 3755
1 2770
9 6641
5 8710
2 6211
5 4506
7 9721
2 7111
3 212
7 567
6 9990
5 9225
2 8929
4 4731
8 8385
3 5244
7 6076
8 4503
3 3406
0 3189
5 4909
6 3064
1 7734
2 772
4 1925
9 6722
5 1855
9 5054
3 442
7 1322
8 5811
9 5687
0 7955
6 1363
5 5937
1 426
8 5142
0 7944
2 2114
7 4524
4 3849
9 2813
3 5760
6 6997
5 5588
0 7650
6 2407
1 3976
8 3017
2 5773
7 834
4 8053
7 1983
5 3469
0 214
4 8434
9 4234
6 581
1 9854
3 1543
0 7321
4 5667
8 4415
2 4914
4 9031
2 7462
4 579
6 5724
7 3095
5 3907
1 8836
5 1306
1 5124
2 7041
3 5770
5 5236
0 1502
9 9167
0 8736
1 8131
2 3041
6 8917
1 8055
8 8383
7 2885
0 4594
6 3544
4 4340
1 1454
3 7894
5 8132
9 4448
8 1383
0 4539
7 1233
8 2791
2 1349
6 801
7 6279
8 8986
2 7908
4 5864
4 8387
1 656
5 7960
3 9578
4 8974
6 5075
9 808
7 875
5 5906
8 5440
0 1497
3 4302
2 4440
3 6136
6 4349
2 2797
1 6032
9 7883
3 3039
6 6468
7 2699
5 2707
7 9851
2 6291
4 8660
2 9386
4 6678
7 2260
8 6871
9 5248
1 101
0 9570
2 3531
7 5224
8 9594
3 4298
4 484
6 3949
9 9683
1 7307
0 5139
7 8356
5 2976
1 1600
2 2387
3 5208
5 6668
5 7984
1 9236
5 634
8 680
2 7680
5 8038
9 9025
3 5928
4 2208
1 8603
2 9286
6 1493
0 1487
1 3924
7 7695
9 5030
8 7568
6 9560
8 7500
5 8127
7 6391
5 1332
3 2832
2 7626
6 5536
4 7622
0 504
1 1635
3 7914
9 3386
2 5441
6 7253
1 5467
7 5801
9 2380
5 5754
8 9948
1 6550
2 4721
4 4284
7 9523
9 4571
4 877
7 7782
9 1314
0 6554
5 8426
1 654
3 2818
7 4253
8 4724
0 7489
5 4161
2 6590
6 435
6 1541
3 8633
6 3609
7 5506
8 2507
3 6277
6 7711
9 3277
4 1856
4 7995
9 7456
2 7470
7 1347
8 3375
1 1818
4 2384
0 7975
3 1275
5 9870
5 4152
5 6572
7 8030
6 2487
5 5232
8 8987
1 1549
6 4684
4 3400
5 3938
8 7082
9 25
0 3560
1 4661
2 1403
3 5520
8 9116
9 3420
0 6533
2 1488
1 1365
6 2858
1 5856
6 6103
7 264
3 7335
8 5402
1 7828
6 29
9 79
4 95
0 9346
5 6158
7 8846
3 1288
1 2190
8 4025
6 4786
2 7483
4 9534
9 1440
0 4983
0 2031
9 9734
5 6137
9 7314
7 4749
3 8093
5 5957
0 7295
1 2382
8 280
9 7511
6 5768
7 8337
0 5021
3 6921
3 1740
4 6386
5 3195
2 9547
3 469
1 8067
8 2381
9 4002
6 6304
3 3856
1 401
7 1167
9 527
0 4008
5 5654
9 4698
5 7123
4 4377
6 2541
9 3946
9 2616
2 7105
3 5463
5 8427
8 5799
2 9066
4 5581
1 7904
5 143
6 5188
7 9403
2 4650
7 3593
2 3824
7 5728
9 6022
4 7829
5 3567
3 8198
0 7810
3 4303
0 5674
3 4562
6 2357
9 4531
6 526
4 2729
8 1272
4 7661
6 6072
1 927
2 4467
8 2776
6 4041
7 612
1 2079
0 9479
3 7086
8 4490
6 4325
9 7870
5 8060
7 6756
1 5623
1 9230
4 35
1 4950
0 6133
2 3871
4 1647
3 9375
1 6253
8 234
9 8223
0 1326
4 4534
6 2652
7 9448
4 1065
5 814
2 1910
3 5005
1 9280
3 7804
8 2728
7 5023
3 2522
9 5935
4 1323
5 210
6 4095
0 4203
2 3238
2 1408
1 2730
3 5028
2 6300
9 8065
4 7216
4 2807
3 3818
3 4272
4 8573
2 1163
5 3963
9 8213
8 3079
4 5477
5 5927
7 9664
4 9798
6 3092
4 8918
0 6951
8 9362
9 4115
3 26
1 8014
2 2371
0 8721
6 8200
8 9300
1 4569
5 2929
7 3496
9 5791
3 393
4 966
6 626
0 5729
2 860
2 6801
2 3623
8 1971
8 5094
1 9841
3 6616
5 8331
3 2738
7 9557
9 810
4 2757
3 1291
7 9007
5 9447
6 7689
0 4244
9 8158
2 5974
4 3735
7 2284
8 5375
1 1620
3 5174
6 6168
5 1084
0 4267
3 7255
6 3073
9 2389
5 1318
0 489
2 7202
3 7564
4 4863
4 1038
3 3242
7 3899
4 1355
6 523
8 5379
1 6602
9 4149
3 3861
7 6984
3 4048
5 2972
4 5964
5 4988
0 2198
7 3631
4 9941
2 2275
3 1671
6 5198
8 9181
4 703
1 36
9 358
5 2475
0 2886
2 1567
7 3132
6 2305
6 7007
1 8237
3 4916
6 9860
8 4001
5 1508
6 76
8 4579
4 5093
9 6159
0 4310
5 7023
2 4074
6 5468
8 6895
1 7120
7 7979
7 6724
3 7692
2 2315
7 8487
2 7369
7 9176
8 5036
3 5372
2 8732
4 9232
7 9226
3 3074
4 9453
7 1717
9 8240
0 6362
5 3897
2 1139
3 2168
6 755
4 2184
1 3325
8 5160
7 3559
2 465
4 9686
5 9150
6 5985
1 6086
3 5321
8 5721
9 5596
0 8905
7 1506
4 4354
5 2209
6 9312
1 3512
3 8483
2 6577
0 9295
7 5559
8 9771
8 8919
9 9128
9 4107
4 6693
6 1829
5 2904
1 6164
6 5240
8 7818
3 3799
9 8526
0 9906
2 5012
4 7220
6 1145
7 3764
3 1796
5 1218
2 3878
2 3220
1 9272
1 6406
2 879
8 8681
1 1344
2 9003
1 9350
7 1295
9 8225
0 3640
3 3553
4 9803
5 8854
2 972
1 8748
6 726
3 61
7 861
9 1880
8 3811
0 3273
5 9491
7 7850
4 130
2 4729
1 360
8 1027
1 184
6 145
8 7201
1 677
6 9898
9 4090
3 6486
5 8873
4 470
5 6968
0 4235
0 3934
2 7428
5 4407
3 1458
7 2319
5 4995
0 5060
2 3816
4 696
5 4102
7 697
8 570
1 6730
2 9548
4 7214
5 4826
6 9142
3 1746
9 9338
0 6606
7 33
4 6675
4 8613
5 6759
8 9266
3 5688
4 4614
5 5744
6 3716
1 6063
2 1991
8 378
9 6450
8 7438
9 6970
0 1885
3 2165
4 3746
8 126
7 1733
8 5226
5 2276
6 384
9 6634
1 5235
0 8747
3 1178
2 9215
6 9908
4 6284
7 22
8 1208
5 8432
7 6746
9 9076
1 9459
5 2500
7 5486
0 9962
9 295
9 405
1 7375
3 1957
5 7885
2 7061
6 1602
7 5552
4 7645
7 8419
8 1858
3 2400
4 4427
0 4086
3 7131
5 8509
2 127
9 9825
6 5063
5 5966
1 2462
7 5781
8 3104
8 3268
4 1336
8 9056
0 5399
2 3246
3 9258
9 6781
6 496
4 7788
4 8925
5 1474
5 7946
8 9804
1 7107
0 7898
2 4222
5 5260
3 6785
8 4466
1 475
7 1402
5 4891
9 7492
3 249
7 8079
9 882
0 5852
6 3583
4 8334
0 1704
2 7848
6 4966
3 1103
7 7
8 7318
9 3152
2 4176
1 633
9 4485
4 5600
2 243
5 9371
3 7466
0 1516
5 1309
8 4894
6 1193
9 1260
4 8763
7 134
9 5539
3 2309
4 653
2 7444
5 8740
8 9247
1 4442
0 848
3 9680
0 8540
7 8923
6 2286
4 9335
9 4336
5 8438
7 3970
8 5218
1 486
8 549
6 9792
2 2122
4 6532
6 2026
2 3787
3 8142
4 7781
0 3197
9 9214
5 150
6 2682
3 5018
4 4676
7 6842
0 1463
1 649
8 3760
9 6650
5 6518
6 7238
4 6655
2 5668
3 3184
4 3431
7 4126
3 7905
2 3052
1 761
0 8126
7 8130
8 7836
4 6575
3 4982
5 9590
9 9563
2 4092
1 6245
6 3158
0 8933
7 4946
0 5922
4 3532
8 6238
0 9654
3 3677
8 5508
5 5604
9 321
2 9108
0 3715
0 9151
0 7592
1 7669
6 1566
3 7311
0 9785
8 7778
0 1005
1 1224
5 316
7 9711
0 5107
1 2702
4 8634
3 5420
9 9509
7 1883
2 1437
8 7886
1 8274
5 6782
4 6549
5 992
0 5339
4 9027
5 2822
6 9297
7 9784
0 1546
2 2094
8 8822
3 4469
9 5589
8 136
3 5212
4 4625
9 8172
1 38
5 1826
9 1050
1 7506
6 751
8 4535
7 4667
3 540
5 1906
0 2220
2 4353
4 3868
1 2854
9 2700
3 804
5 2426
9 7727
0 5902
2 4672
6 1219
8 3727
7 9138
3 7632
4 318
3 8201
4 3743
5 9307
4 3077
5 473
1 8840
4 3844
9 8307
1 5469
0 6380
5 6295
2 740
2 1426
6 9092
4 9951
8 1596
7 2927
9 8889
0 2210
1 3387
0 7033
1 6021
0 6701
3 6901
3 2779
5 8892
2 9455
3 8128
6 120
5 6711
4 4895
7 5909
8 7063
9 1014
3 2477
4 6778
5 8396
2 1507
7 8826
6 2273
1 4875
0 4156
3 7231
8 4655
9 3968
5 6907
4 1857
2 5513
0 9419
7 3952
6 2160
1 7356
7 5711
1 3215
8 203
1 7394
3 4632
9 2782
6 4133
7 2966
1 5449
5 7323
9 8903
4 2415
8 287
3 3937
2 6426
6 6004
0 1598
5 8598
5 7269
7 8587
5 9234
7 5719
1 4748
9 8361
5 6620
1 6397
4 5482
2 4903
3 6946
8 6477
7 3723
9 5640
6 1151
5 2635
0 7948
1 872
2 5512
3 4116
3 1425
4 1608
3 1252
8 3751
4 6010
7 8205
3 8632
9 6
0 4852
4 5877
6 8898
7 8804
8 8639
3 3673
5 9902
3 8580
5 7527
0 820
1 7472
3 6816
2 5369
6 3786
0 2940
9 8101
4 9370
7 7478
5 8559
0 3728
8 9795
1 9393
2 8758
3 3114
3 7119
1 7379
1 4068
4 7642
6 9882
7 1214
1 7877
2 2039
9 3374
3 2090
5 1388
1 9357
0 7653
4 4330
2 9821
5 5982
6 6499
1 6697
0 5599
7 8034
8 4409
0 3267
8 5777
5 7075
6 4578
9 5738
2 733
3 8984
1 6179
4 7384
0 2508
8 7610
5 5033
2 2150
3 2368
1 4789
2 8454
7 1898
6 8360
9 6757
8 4248
4 8270
6 1609
6 1938
0 8926
3 8441
0 63
6 2457
5 2980
1 5691
2 1649
3 534
9 4259
8 4350
7 5378
6 4446
4 1760
5 3241
3 7958
4 4976
8 7838
3 8281
0 8255
0 2086
6 9472
4 1173
0 1273
1 4574
2 4621
8 1582
0 9998
9 4563
1 8012
3 1023
7 6787
5 9787
6 9360
4 1168
6 7584
8 5840
3 7137
1 2973
7 7091
6 9839
9 7936
7 5968
2 100
6 9466
4 6591
9 4125
8 9646
0 978
6 8386
3 2528
1 7699
5 629
9 4959
4 1449
7 5391
2 361
7 9251
3 215
4 31
2 846
8 3143
0 8094
3 4279
7 1271
6 4401
5 298
9 1755
0 8484
4 8297
3 835
1 3301
2 3359
3 3693
6 9581
8 6114
1 9397
5 9036
7 5230
8 4576
0 4803
5 3679
9 4384
8 1686
7 2758
4 1142
1 8558
0 1685
2 9670
3 4801
6 59
8 1799
5 3528
7 1181
9 8668
9 7724
1 9701
0 6070
4 8737
1 3939
6 4956
9 6324
0 1144
1 7291
6 8289
0 657
1 2847
2 4286
3 4158
8 4777
4 9540
9 6691
0 2881
1 8880
2 4233
5 1930
6 4502
7 529
8 3451
4 3565
9 6594
3 8874
2 5322
0 7752
6 7801
1 3920
6 8766
5 6252
7 4313
8 8835
1 3056
4 8392
6 9517
9 6111
5 7876
7 5209
3 3093
2 9810
0 9615
8 648
1 3517
4 8999
6 6770
9 8472
5 5879
7 5572
5 9418
3 3884
2 1191
3 6107
7 8346
2 3964
5 3392
8 1360
0 3456
0 5422
5 1976
3 7110
1 2270
4 5397
7 6917
8 1165
5 4178
6 2543
2 8938
3 4586
9 6735
9 8085
4 871
4 4271
0 7649
4 7943
1 5336
2 6586
0 6610
5 8459
7 5046
3 2081
8 3900
5 7841
8 5683
6 3219
5 6462
8 2361
8 392
9 1645
6 5658
1 8318
2 6262
0 1246
4 3902
7 8367
6 6424
3 2510
5 5996
8 4585
9 1417
0 5998
1 2816
2 9533
6 4609
4 4179
3 9503
9 3944
7 2349
9 8417
0 3841
1 2474
6 5106
9 397
5 762
4 3921
8 7700
3 7834
2 2022
0 624
2 1774
1 8162
2 11
6 9303
0 1615
7 2297
9 3449
1 4932
5 2485
0 9554
2 4987
6 5067
4 2350
8 7056
1 5669
7 4362
9 9852
0 5078
3 744
5 4945
6 518
2 5475
2 8635
3 1844
8 7330
3 3936
5 7355
8 6313
4 7165
6 1512
4 6145
7 742
1 5510
2 9739
9 3588
6 8052
0 2794
3 1341
7 6646
8 347
5 7806
1 4318
1 7223
2 1170
6 9191
9 3867
0 4070
4 6600
9 8682
0 2438
7 1676
8 4593
9 8950
1 8879
3 3419
2 9385
5 6115
6 7009
9 3928
4 2936
9 2113
4 5651
0 5926
7 375
9 436
1 5180
4 1573
0 8043
3 3796
7 1188
8 67
3 2888
9 7094
7 3447
8 7474
2 3980
3 3121
5 9487
9 913
1 944
6 7062
4 4685
5 5516
1 6024
6 5141
0 5715
0 9532
7 3810
4 8482
5 754
8 8915
4 5606
2 4111
4 2102
2 0
1 455
2 4118
5 5629
8 7805
3 9733
1 9981
5 8339
6 8954
8 103
9 774
0 5521
7 2746
2 2245
1 8622
5 9304
3 7609
9 9972
4 6500
6 3901
1 9866
7 2918
8 6511
0 1894
1 3462
2 6721
3 463
8 962
5 7448
9 3226
0 5170
4 9874
9 2750
3 3433
6 81
7 8511
5 794
4 8471
0 9175
9 7341
1 1225
3 1656
6 5918
8 6399
7 3813
8 8808
2 8962
5 5676
7 9432
8 6302
0 6760
9 7117
4 7147
5 6883
7 9085
1 6369
7 1175
3 2550
6 4343
1 9389
2 5842
3 7855
8 738
7 8806
0 3443
9 1033
6 6321
4 1280
1 1691
2 7872
3 2211
5 3804
8 4141
7 9470
9 152
0 5317
7 763
9 3930
4 9722
6 1311
1 3221
2 4879
7 3761
3 4710
9 4565
4 4810
5 6217
7 8393
4 9065
5 2105
7 521
8 9558
6 4635
6 7616
4 1526
5 1742
7 7026
7 7012
8 6268
0 3737
1 8891
2 2852
8 8343
3 7803
4 6979
9 1695
5 7888
6 541
2 2355
0 3442
1 3139
8 5137
5 8212
2 4204
7 5068
3 4890
7 1256
3 5011
3 236
4 6704
9 6973
0 9600
7 8731
0 6648
6 4707
1 7606
7 5225
8 6965
3 6019
0 8706
4 3266
9 4605
5 1698
2 9713
6 9454
6 9196
8 1503
1 7559
6 1220
7 9291
0 9808
8 748
4 8946
9 5197
4 9112
3 2053
4 5983
1 9716
5 6315
6 1118
4 1079
1 7693
5 5444
2 5199
7 8048
1 310
2 5933
5 7060
0 8460
1 5115
7 823
8 3036
2 201
6 1896
0 8415
4 853
9 4371
3 6439
8 3694
2 232
6 493
9 9445
5 9538
0 9060
4 4613
1 6669
3 6213
4 2365
7 5299
8 9490
1 1729
3 2206
2 5039
9 2129
6 3380
5 5541
4 1890
7 2341
0 5903
8 5293
6 9718
1 4459
3 1975
5 3717
2 8989
4 9310
3 1409
7 1817
0 4038
5 5844
8 3165
6 9254
9 7287
6 4590
1 2112
2 4119
4 6949
0 9426
1 2352
5 8468
4 2941
8 382
3 1245
7 3193
9 2675
9 2045
0 7656
1 4096
6 2342
9 6465
6 4202
0 5286
2 6050
1 8046
5 3983
9 8304
2 3395
6 6948
9 9875
4 9942
0 7083
1 956
5 1429
8 8890
6 5352
3 7325
7 3111
5 5431
2 6584
0 4624
9 411
4 4912
8 5511
8 2542
1 6663
6 6710
1 6846
3 4546
1 3454
7 5439
5 9572
2 6487
0 2066
3 918
1 8455
7 5763
5 4507
9 4
2 9781
4 3037
8 6856
0 8161
3 1452
6 8666
1 9123
6 6932
7 4876
7 9633
1 8254
5 7764
9 3391
7 4456
1 1092
2 3539
2 1195
4 6328
1 6512
5 8457
4 2979
0 5273
2 4194
8 6935
1 1190
1 6700
3 3551
9 5393
5 9243
0 2890
7 8963
8 2233
6 5821
1 9530
3 8273
7 9899
9 431
8 7319
5 8452
0 273
6 5128
1 1491
4 3590
1 968
2 39
3 6147
2 1210
3 9439
7 994
9 586
3 3416
8 7157
0 6558
5 1795
1 4444
0 7923
6 4335
4 5798
6 1088
2 2410
3 2468
8 6598
7 3208
6 3626
9 2695
5 8117
2 5241
1 5550
5 2633
0 4771
5 3702
0 5611
0 8990
1 8827
4 7858
5 407
5 3913
3 9173
8 847
7 1424
0 4973
1 5204
6 965
4 975
5 3472
3 135
9 8940
1 977
8 8776
2 9322
1 2760
6 5780
7 2224
0 1471
6 3480
8 1185
2 514
3 1479
4 5963
5 2884
3 9137
9 6977
1 4560
6 7538
3 3010
7 2144
2 8726
9 2004
4 7793
0 3042
1 6992
2 7524
5 6326
8 2378
0 3124
4 3075
5 3695
1 2187
6 7751
3 7596
8 6884
7 842
1 2348
3 9800
9 1800
8 5493
2 1406
0 6682
1 8602
4 2013
5 6956
9 695
8 5970
2 7687
6 7566
2 3170
7 5944
0 8061
7 8934
9 759
1 2011
3 3097
8 1290
4 702
5 7423
6 3385
2 6504
3 6128
3 730
0 2798
7 8741
9 9753
1 4079
8 8111
4 3024
4 2639
5 8160
6 1721
2 1853
5 3494
7 2257
9 8340
1 7401
2 832
3 8745
8 9328
0 4587
0 9515
5 6296
0 4864
4 6886
7 7130
7 725
5 4591
9 437
1 2078
0 1601
6 556
4 8755
5 5692
9 7618
2 7853
9 7655
3 8095
7 1891
8 532
1 7791
0 9694
5 6896
3 7753
6 4951
1 3732
4 1960
0 4249
2 217
9 8103
7 3122
8 4529
7 4463
5 1961
6 1996
3 4130
8 9525
1 5406
4 7942
7 6079
5 4345
5 6638
0 3054
6 6427
5 5666
6 7362
3 1845
0 7529
2 9755
8 6346
5 42
9 7132
6 3919
3 4185
2 8996
2 6952
0 9964
1 4420
4 1520
5 7516
8 9055
0 7435
1 5175
7 5972
6 9461
9 6647
4 9019
3 7505
5 5247
5 8538
9 6097
2 1353
8 7138
4 424
2 2443
8 6626
1 4809
0 6402
7 8532
1 2258
3 3618
6 6562
3 8576
0 2067
4 6974
7 4793
1 7822
2 2455
5 906
3 2283
6 8301
0 7485
8 3524
7 9814
1 3179
9 4388
2 6962
4 5474
0 2244
8 4319
3 3875
5 5074
7 8667
6 8125
9 3535
1 7260
1 5390
3 171
2 4443
5 599
7 7320
4 4029
6 9201
0 23
8 2356
9 7792
4 315
6 9435
1 5987
4 9704
0 5861
3 7857
1 106
2 608
5 898
8 4862
4 3722
9 7232
0 4567
3 9471
7 2466
1 2621
6 6372
7 4057
5 6184
1 2944
2 4991
6 3287
8 9377
9 4037
7 5114
0 659
4 390
5 3806
2 7346
3 8823
1 90
6 8076
9 8287
7 479
0 4658
4 1072
8 6461
2 7148
0 9315
4 7396
3 2558
8 530
5 4482
2 919
1 9539
0 7560
6 4692
9 7471
4 6012
1 7173
3 9945
7 9094
0 8224
8 4009
6 5988
9 7015
6 1249
5 8314
9 9444
4 5019
2 9026
1 2997
4 6866
6 2354
1 6360
3 1952
3 4287
5 1540
7 2453
9 9456
0 8927
8 5312
2 4701
4 6297
5 8965
6 9468
7 1011
5 6425
8 8790
9 8100
2 6573
8 5143
0 8190
1 4183
3 5360
6 5323
0 5925
5 1234
4 1965
7 2335
2 5975
9 5171
0 5088
1 592
1 795
5 1801
3 1147
5 5828
8 8517
3 2456
6 8121
7 3155
2 869
5 7441
7 9104
4 4071
8 2751
9 3663
4 1587
4 3714
4 3780
4 5609
8 8436
0 5145
3 6232
4 8656
8 2431
6 4996
0 1993
6 7827
0 2232
1 8390
3 2377
6 9204
9 5290
0 1684
2 552
6 1230
5 1140
7 8315
1 1580
4 1627
9 137
8 9212
3 2923
0 227
7 6613
2 778
4 4004
9 6209
0 954
6 6299
3 1846
5 6174
7 3754
1 8109
8 4597
7 6077
1 6388
2 6449
7 6809
1 1049
8 7087
4 6580
6 2572
7 7243
9 4736
0 3601
2 1146
1 5223
3 7304
5 356
8 9505
6 7180
4 1237
7 2548
9 4215
4 8757
2 1413
7 4947
0 5104
9 3065
9 6522
4 4413
4 2246
1 6443
2 2231
5 4085
8 4367
0 1762
3 6028
6 6120
7 8364
8 6429
2 7327
5 8611
0 709
7 2964
9 7978
3 8102
4 2451
6 2665
2 2950
1 9034
8 7219
8 6639
5 5172
7 9991
0 2100
8 5442
9 9334
5 9428
7 7298
9 3233
3 178
0 256
4 8497
6 3199
8 6298
2 274
1 5507
9 8151
5 166
7 8947
3 2203
3 1484
3 5632
4 9099
0 2943
6 9750
3 3932
6 1138
8 1457
4 4320
1 9889
2 606
9 2662
0 6677
6 2324
6 4172
0 1419
3 6016
5 7835
7 7066
0 4084
8 3889
4 5981
9 5113
1 4549
2 6310
6 4030
0 803
3 845
8 7541
9 3230
5 3468
7 5845
9 1021
4 9696
5 7927
6 5940
9 1152
1 4098
7 1905
2 4572
0 7621
3 4514
8 4696
4 6713
5 9586
7 4268
6 9996
9 6065
1 140
1 8968
3 6009
8 6793
2 8191
3 255
0 8473
4 8742
8 9489
5 1788
7 6819
2 5779
3 1243
7 7424
3 5338
7 595
6 8440
0 9294
9 5752
3 6702
4 4000
7 4252
1 1779
9 8614
6 3648
8 9566
0 6109
4 9048
5 1366
1 4208
2 4024
3 5269
2 8173
9 7730
3 2584
3 1422
2 8028
7 7416
6 4500
3 6176
2 9901
8 5592
0 596
7 9469
5 6410
5 7794
5 37
1 9507
6 9012
2 3624
3 6182
4 9198
0 3621
6 4220
8 5162
8 9769
7 5634
8 2496
9 1657
9 6717
5 3547
3 8490
1 7679
7 6829
8 8164
4 6998
2 8617
9 9577
0 7036
6 9496
0 5748
0 1123
7 2442
5 5278
8 1815
2 349
3 7554
1 410
5 6212
5 2651
8 1643
9 8288
4 4797
5 1668
2 8505
4 9709
5 8091
6 2147
3 1658
2 1921
1 7039
6 3699
0 230
7 948
3 9149
5 7277
2 9411
8 584
9 447
1 3038
6 3827
8 9021
4 3142
0 8887
4 415
0 9009
7 1888
3 3793
7 7073
5 2615
3 6826
9 9087
4 987
1 4603
2 6758
6 8219
8 107
9 1068
0 1051
1 8280
2 8418
8 2133
7 471
0 7279
6 1490
9 9892
5 2176
2 8027
3 5517
4 4510
8 1942
7 9331
0 728
1 4755
5 1328
6 3363
9 8849
7 3942
5 9139
0 3091
1 3646
2 2962
3 1558
4 5703
5 6172
6 4505
9 1177
8 7205
2 5979
7 764
0 1285
1 7055
3 9702
5 2374
1 4787
3 6622
1 640
5 5031
6 5409
3 3321
9 714
4 1262
1 2921
8 4127
5 3304
6 1963
9 8750
2 7830
3 3572
7 389
4 5682
0 9961
1 2897
0 3214
8 5710
1 9292
5 5832
0 1129
6 4653
6 7981
8 5677
6 4527
3 5938
9 9129
2 1577
6 1489
7 7932
7 8284
4 1100
1 8002
5 3417
2 1847
6 6339
0 7654
4 2669
6 2536
1 5526
4 9474
5 4816
7 3407
8 5576
3 7973
5 7866
0 2290
9 833
1 9567
1 3645
2 2872
7 2708
3 8859
5 4105
2 8911
6 5189
2 6166
5 8693
0 8003
4 6742
8 8952
5 346
3 6566
9 7746
0 1618
1 9521
9 330
7 4739
8 9837
6 8376
2 2116
1 905
5 8488
3 8519
4 9119
9 3103
5 826
7 9317
3 8123
8 1926
5 1664
6 2395
0 5334
7 9627
2 735
3 9944
8 4174
2 6556
5 6055
1 2230
3 2638
8 6231
4 8753
9 182
2 9693
6 9614
2 8075
0 8235
5 5571
6 1166
7 1294
2 2902
1 6335
0 4269
3 5986
5 1232
3 3520
8 6150
5 2333
6 684
4 6627
9 7446
3 9508
7 6891
8 7845
2 7663
7 2540
5 7934
1 511
0 1085
6 9038
6 9542
4 1504
9 7594
2 2372
9 6309
3 1206
7 3265
5 5830
1 7636
8 8025
3 1164
5 4263
7 8229
0 1015
6 277
1 7576
8 1803
4 4941
5 9159
3 7607
2 3413
7 1995
9 5348
0 9796
0 5315
0 7917
6 897
0 2752
1 291
4 1825
6 6963
8 8118
1 9790
4 5418
5 6144
3 8242
1 2247
2 6412
7 9994
2 9744
0 7008
9 9351
2 1281
3 9820
9 5396
7 6364
2 9380
6 425
8 7316
4 9182
9 6894
5 6467
0 8837
6 6779
8 3617
1 2194
3 2228
4 3285
7 9626
2 625
5 1158
6 9398
1 2032
3 9891
4 5784
9 9724
1 7306
1 6015
4 1495
8 3636
9 9213
1 4301
4 5540
0 3974
8 7565
7 7247
5 1075
2 1137
9 1624
1 1428
0 7305
4 1030
6 6633
8 6728
3 2189
8 7274
3 4657
7 3961
2 9001
8 1716
3 2215
5 1889
2 8071
9 1482
7 8626
8 2516
0 9913
4 9689
1 9895
6 1035
3 678
5 5090
5 2375
2 5098
8 2952
9 4735
0 4479
8 4219
7 3832
1 557
6 5256
4 3461
9 4835
4 4679
0 2948
9 2119
3 3881
5 7897
8 2912
2 1182
7 6515
1 9463
9 996
6 7515
3 6105
5 3293
6 2620
4 559
8 9177
2 7816
3 9376
0 1994
5 843
7 3055
5 6200
7 96
1 9080
6 1916
7 1511
4 8819
9 9723
1 4243
8 4820
6 3424
2 6660
3 4177
7 8661
0 3261
9 6991
4 8097
1 5782
9 6338
8 3481
1 2681
5 7185
9 5285
6 6088
1 3260
2 4323
7 2163
3 162
3 4870
9 876
0 3108
1 4197
4 6788
4 5952
7 2034
8 7581
4 1802
3 2683
5 6861
9 88
0 8648
6 3448
1 652
2 6044
7 3316
3 8777
8 5679
4 413
1 6033
2 6933
5 8138
5 355
9 743
0 7980
6 2035
6 2603
5 6786
8 7697
4 9178
7 3855
9 1982
0 391
3 7267
1 5237
3 8798
8 5476
1 1241
1 3999
4 6052
2 7732
6 9211
5 4751
1 5417
4 8470
9 9045
0 7659
9 3926
0 7430
3 3556
1 7983
7 6143
9 1382
5 6789
8 8969
0 958
1 7451
4 9082
9 3762
2 7813
6 91
5 8857
8 5523
3 6851
5 4992
0 1390
8 1213
3 1839
7 6692
5 8719
4 1171
9 2364
0 601
1 5595
9 3369
2 443
8 2582
0 8712
6 7672
1 9868
3 8669
9 4634
2 2925
8 2292
7 8683
9 2954
2 4640
5 8090
4 2815
0 8805
6 9462
8 915
8 8428
1 432
7 6129
8 8056
9 8169
3 4193
1 6643
2 6561
7 5849
8 8374
5 688
9 2385
8 4662
4 2790
6 66
0 5328
3 9897
1 4255
5 568
2 9103
9 672
8 2855
9 5118
2 2481
7 5655
8 5429
4 6980
9 8791
2 9096
7 2096
8 7916
6 9637
4 9041
6 4940
0 2739
3 1679
6 86
9 6474
1 8070
0 1959
2 3133
3 3698
7 507
5 320
4 4484
0 1317
8 5117
2 594
3 172
6 2871
9 8308
0 4003
6 8618
9 9424
0 2109
2 4598
1 1922
2 4530
6 3569
7 500
7 5570
5 8711
3 1666
9 9239
4 3864
8 5656
7 2158
0 6599
2 313
1 1588
5 9170
6 9989
1 250
3 6405
5 8964
9 9160
6 9253
6 457
8 1990
1 1529
8 362
4 6354
8 8464
7 7329
3 935
0 1944
5 9231
4 9909
8 1867
2 940
9 2773
2 2618
8 3521
9 6099
3 9224
6 5542
0 1120
1 85
2 1568
3 7982
5 5854
4 7095
9 142
6 6421
7 7280
0 1977
1 7802
2 5000
4 687
9 9077
3 4557
4 5889
9 2654
4 3802
5 711
6 8698
8 7629
9 6280
4 5583
5 4986
5 4612
7 3149
6 6347
0 5590
5 8099
5 8811
7 9216
1 8271
2 8955
8 971
5 7418
3 5385
5 6163
6 5603
2 4290
9 3317
0 8180
5 9714
2 1115
3 8920
9 3137
4 9391
6 3245
7 104
2 6800
1 5731
8 2892
3 899
4 2401
2 5203
0 3412
9 9420
2 7233
5 925
0 8347
6 3812
9 3484
7 2946
2 9843
5 9180
0 7283
6 5532
1 1939
3 9290
5 508
8 4961
9 1561
0 2859
4 852
6 7493
7 2560
1 4920
6 7125
2 8183
3 202
5 9345
8 9319
7 4767
9 8394
1 1087
0 3668
1 4145
6 8568
4 1556
2 8433
0 8292
1 7967
6 9364
3 9638
5 2491
4 7469
8 1029
5 4276
7 1174
4 2193
9 119
2 5837
1 2891
8 2196
0 379
0 805
5 2251
6 9443
0 4035
3 6969
7 7382
4 4568
5 2499
9 4429
2 2565
9 7939
1 503
6 6953
9 3106
8 4339
0 6795
3 5155
7 4292
1 7703
4 870
6 5387
5 6259
9 3019
4 9919
5 3570
8 5815
0 8754
6 4548
3 5661
2 7608
8 2417
7 2856
9 998
4 2167
6 3066
5 3607
1 3176
0 1117
1 2437
2 9501
1 7907
9 3377
2 6810
3 9347
4 3969
8 3817
6 3879
7 9918
1 7895
9 6876
0 2040
2 4493
5 3150
8 6978
7 6127
6 9846
3 8680
4 555
1 2726
0 6985
0 4153
0 9478
9 9736
2 2844
8 7864
5 6988
2 2955
7 2050
0 279
7 6640
9 6612
5 9361
6 9091
8 713
9 1662
2 2146
9 4957
2 4833
5 1646
0 1097
3 4675
4 5077
7 829
9 1337
1 5443
6 5086
8 1633
2 2684
4 2743
5 1459
0 2248
0 4737
2 3009
5 293
3 5569
0 4058
2 6794
5 7874
6 7615
3 7347
9 3691
8 2082
7 2444
1 8268
2 6658
6 8373
5 1269
9 6574
3 1499
8 9000
4 6482
8 917
4 222
4 9264
7 7614
4 5380
0 6535
1 8855
7 5316
8 6436
2 8285
4 7155
6 5976
7 3741
5 5786
0 6972
1 68
8 1404
3 6885
9 9987
4 1739
9 4239
6 8839
2 4709
7 3892
4 1872
9 4550
0 6214
6 9024
5 9152
3 4686
5 6452
2 9110
3 7889
1 4732
8 6153
7 4461
5 9824
4 9318
2 4542
4 8035
2 3381
2 7583
1 2494
3 5313
9 7044
2 9044
0 2346
8 9692
1 9813
3 7497
6 920
7 2792
9 5042
2 223
2 6879
5 8296
0 5326
8 6418
1 6915
4 5349
3 4656
6 9983
7 1096
4 9660
9 546
3 1372
7 3642
4 6023
2 9136
6 1712
5 6559
9 8031
3 4929
0 888
7 3874
8 5999
6 6947
1 7164
6 8489
3 8629
1 750
6 7235
4 5882
6 6496
3 7021
2 2012
5 5797
6 9284
7 3647
9 9591
1 2905
5 1043
6 2544
0 5883
3 1180
5 1569
6 4504
0 6495
8 8858
9 9565
7 2866
1 4099
4 3644
9 7090
3 7109
4 1141
2 5789
5 8550
9 1937
3 5685
0 4577
9 7630
6 9862
4 5013
8 6108
4 338
2 6433
8 6888
5 1350
7 2876
1 880
4 3397
8 2383
6 7646
7 1338
0 8321
3 6384
8 5958
3 3857
9 27
2 3738
1 1080
3 4347
5 7092
7 986
4 2863
7 8640
2 3151
0 9849
6 2600
1 1354
3 1710
7 3639
8 3526
5 6548
2 1263
0 2339
4 9592
9 5908
9 2463
1 5424
8 6830
9 2691
5 3319
5 4151
5 9367
1 1972
2 4706
6 506
3 8982
7 2660
8 5281
0 4386
4 9957
9 553
7 2414
8 3006
0 8886
5 3282
0 456
1 4355
4 2191
0 6592
2 8780
6 1001
1 7796
4 9219
9 5062
3 4297
0 9879
7 5271
2 1929
3 8623
8 1258
6 2412
0 7078
5 7859
1 2741
1 2433
7 4205
2 7865
4 3020
9 731
3 4823
7 6008
8 2796
6 9186
0 5496
2 5792
5 8481
2 4923
4 4470
5 9850
1 9014
2 825
4 4013
9 9880
3 7112
5 665
5 6244
1 4383
7 5470
2 8063
8 883
4 319
5 15
6 305
0 4558
7 3011
1 9886
7 7171
1 9597
2 7499
9 5126
7 2157
1 6853
3 4245
8 9856
2 7029
3 6122
4 2737
5 3784
8 4822
9 5795
3 7925
6 6112
4 331
7 1603
5 1605
8 1637
4 8250
7 5027
0 7708
1 7974
5 6609
2 9697
3 412
6 8998
6 3783
7 1028
0 1625
9 2961
1 7337
5 8439
6 1911
2 190
7 5343
0 9925
9 9877
9 4476
1 9339
3 5303
8 5733
4 9482
9 3286
1 7354
3 4639
6 821
8 1062
4 3501
2 2579
9 2471
1 2016
2 910
3 5954
9 8843
4 9777
5 3854
1 6170
7 402
3 699
6 1047
8 8370
0 2030
5 7145
2 1110
1 739
9 4341
4 1277
4 7993
3 2403
7 6183
4 8782
6 8381
3 1022
0 8785
8 9314
7 4680
2 5251
5 1069
4 5167
1 4611
6 1472
2 168
3 3834
9 314
5 9589
0 6493
4 8323
0 2805
1 3960
6 3850
0 3700
1 1532
0 9826
8 1448
0 4063
2 6239
6 7496
7 6192
3 211
9 3947
1 5598
8 4776
0 9552
5 9187
2 1748
0 4200
4 7368
3 8020
6 6516
9 3248
1 1253
7 4720
1 6893
8 2942
4 158
5 3564
6 9283
4 5365
9 5129
2 1301
7 8689
1 4162
2 8893
0 980
2 7921
3 4984
8 8466
9 2155
2 4868
5 7303
6 110
9 6990
4 4897
7 8179
1 5945
2 9514
0 8564
0 3649
0 1828
3 6398
9 7192
8 5368
4 8828
0 2161
0 809
7 6276
3 6902
0 303
1 7352
5 6357
9 6416
5 181
6 1060
2 3127
1 1348
8 309
9 9999
2 2058
5 4834
4 4543
6 8087
8 2464
7 4765
3 1134
1 6843
9 9492
1 2607
0 8877
4 1816
5 2808
2 7789
6 2262
0 1481
4 5505
5 16
7 3117
4 4815
2 1830
4 6899
8 4819
3 9265
2 1464
9 6117
1 6040
4 1715
2 1706
6 6723
3 2867
0 2663
1 8122
9 3669
1 1265
4 1854
5 3212
9 8246
2 9894
7 3360
6 1915
3 3613
1 4212
4 1850
6 8204
0 6066
8 5755
3 1480
9 2709
0 5865
5 5412
8 8476
2 8651
7 4167
3 2692
4 1841
5 2296
7 9388
8 8824
0 3457
1 4475
6 5695
2 4468
9 3908
4 4391
8 6342
5 4674
6 681
7 3470
3 4464
1 816
4 3191
7 3771
9 9513
0 2279
2 1053
8 5176
1 3773
5 1863
6 4378
4 5965
7 9903
9 7458
3 8066
2 94
8 863
0 9625
1 1421
3 873
5 928
6 1104
7 6957
4 9817
9 3311
4 4395
0 9727
2 765
9 6546
4 8311
5 8453
2 5509
6 976
8 3962
9 6688
1 97
4 9986
6 7364
2 7439
3 4128
1 3119
4 7239
0 102
2 5394
7 2898
7 7742
4 1387
5 8543
7 9816
8 5618
9 8293
0 9250
2 8068
6 1223
9 1555
9 3923
3 902
1 1575
4 6031
6 9746
1 1914
7 974
5 4807
8 8781
9 4277
6 5555
3 4758
0 2629
7 2104
2 6927
4 2278
4 3975
9 712
4 2649
1 756
6 9663
5 4649
9 5831
4 5073
8 9757
3 7004
4 3315
8 2408
1 8265
3 6130
0 2787
6 9341
5 7115
7 2869
8 8691
1 9588
9 3169
1 8174
2 2830
9 9939
1 3274
2 4575
0 8583
4 3767
6 1445
5 4360
3 4836
7 603
7 4703
9 6877
5 8044
8 2493
3 3314
5 5723
1 1874
7 3566
2 1763
9 5191
0 2834
9 9330
3 6165
4 3022
8 3154
5 7572
6 4845
2 5577
3 2677
1 5483
5 7268
7 5544
0 9165
4 1757
7 6481
2 1470
9 6761
3 9564
8 932
1 7508
6 7030
3 2906
4 4120
7 2727
5 6996
0 3089
5 6413
5 1077
9 7534
1 8319
2 5543
5 3895
1 9161
6 7114
8 8209
5 4865
3 5650
4 5834
1 1722
4 2756
7 6282
6 248
0 1527
3 2611
8 5267
5 6257
9 3667
1 2205
5 1287
4 9476
2 3882
7 2914
1 5384
4 667
6 6808
2 7445
7 9884
3 983
0 2422
3 5173
8 3598
4 5605
5 1912
4 686
6 4827
2 4213
8 8944
9 572
7 3346
4 2142
6 6521
0 9241
3 5556
8 6726
1 9183
4 6749
6 1048
8 285
5 9512
2 1985
9 3465
7 874
6 3653
0 2839
0 8875
8 4536
8 7819
3 600
1 6534
5 9172
8 724
9 3439
2 9510
4 1121
1 7404
9 5376
7 3989
9 7769
2 9050
2 8371
6 1374
7 5824
4 7241
0 9369
7 1416
0 517
2 1923
6 2744
4 1002
7 6154
1 6188
6 6848
0 7003
3 5822
7 9115
4 7585
5 3886
8 8326
9 9102
2 8335
5 9061
7 1903
8 3602
1 4389
9 2931
0 2222
4 2917
2 9379
3 3756
5 3852
7 1840
8 2033
1 6035
6 1868
9 4924
4 1998
0 9782
2 3342
5 6061
2 2674
3 8148
5 8881
2 9763
3 8591
3 1907
8 6555
7 1791
9 7286
5 290
1 3058
9 8983
5 7116
6 706
8 4564
4 6242
7 1974
9 6414
2 6857
5 9807
0 6054
3 9732
6 7181
7 3353
2 3527
9 5354
1 818
5 3078
5 6173
8 6074
4 6880
0 7598
3 7049
8 1261
6 9154
4 6623
0 2405
7 3025
2 5796
9 5767
1 590
3 3578
2 1899
9 188
5 7881
1 6278
8 2781
6 3113
3 8518
4 4274
6 1227
3 3216
0 3820
2 8192
6 8842
7 1334
7 2376
9 5698
7 8829
3 9735
9 7459
0 934
5 3213
1 1244
8 2469
2 9030
0 5673
5 5689
6 953
2 8251
1 2934
4 1571
7 6892
6 4266
3 7762
9 2987
8 2358
9 3744
1 9629
8 6271
0 3182
4 4403
8 409
5 720
7 7262
4 325
2 8606
6 4155
6 2624
3 4077
8 2025
5 9441
9 6690
7 6773
3 3426
4 17
9 5095
1 7631
7 8239
3 2666
0 4207
1 329
4 4654
1 1300
2 2673
7 7487
8 170
1 8678
3 2512
4 2470
5 6805
6 3633
0 1441
8 2127
5 2072
9 5052
2 9976
5 6919
6 2200
7 9935
1 887
8 8897
3 8054
5 9931
4 317
9 5624
0 8900
2 1461
1 6134
1 7519
6 9440
7 9885
1 2597
3 6922
6 7959
9 1917
5 2370
8 2783
0 1148
0 4964
4 9228
2 9993
7 7587
0 2608
7 7951
0 7738
1 3383
3 332
4 4379
6 1895
1 7140
9 7862
4 4806
2 554
5 4055
2 9635
6 2546
2 8885
7 1356
8 8081
0 7244
3 6699
6 2988
7 8981
5 2539
2 6750
3 5043
1 8751
9 593
5 5181
0 5878
2 6764
6 6194
4 6311
7 6026
8 284
7 1703
9 8024
5 1610
2 1833
3 1809
1 535
6 5867
5 8902
4 4451
0 8593
3 7273
8 1864
0 7476
9 8901
1 768
8 62
7 2688
6 6652
5 9760
5 967
2 2817
1 2440
4 2338
1 7480
3 2772
8 7432
7 6208
6 4811
0 1745
1 2982
3 5154
5 2420
9 1384
8 5816
9 8399
2 8115
2 1431
2 1242
6 3298
8 9485
4 1477
9 2002
4 6906
9 7297
0 3198
1 7575
7 2492
1 3021
3 4060
0 1806
2 7761
5 3352
6 1362
8 8279
6 8446
4 3002
3 2697
9 5108
0 5450
6 3687
2 7558
3 571
8 7882
5 2568
7 6069
1 9083
6 6687
4 5262
9 6684
0 5686
2 1759
3 6872
1 1483
2 6938
3 108
8 6528
3 1659
5 1711
8 7867
4 857
7 218
3 8469
6 9332
9 8762
5 2690
8 4154
0 671
4 7324
7 4241
4 1283
1 1335
3 7977
2 867
6 8501
9 2668
3 8546
5 1297
8 7344
9 3160
9 1892
0 343
7 4214
0 856
4 2172
1 3503
3 2778
7 2735
5 2535
0 3869
2 6825
8 1205
2 6611
5 693
1 3320
6 8547
8 6536
9 8494
5 3210
5 785
0 6696
1 4926
1 1203
5 7509
2 4487
8 2169
2 1838
4 3129
3 3977
6 5116
2 8589
9 3842
7 8328
4 8402
6 830
1 2549
2 3029
5 6085
8 9299
0 5125
3 9923
9 4515
4 2645
6 2689
6 141
1 7518
2 9659
5 5718
6 1767
7 6740
1 3731
2 4278
3 7151
8 8462
0 4623
7 6503
5 6100
6 7691
8 8412
9 2269
5 8797
1 6762
2 7750
4 1192
3 6731
1 4790
1 9229
0 2181
7 6062
6 8586
2 8943
8 4186
9 4754
8 1904
5 3776
7 6196
8 9703
4 3159
5 7461
6 1435
3 1433
2 5929
7 2110
1 5548
0 8069
1 6263
9 3678
8 7088
9 6784
8 6755
9 926
8 1236
0 2656
6 668
1 5110
0 9585
3 3262
6 245
4 5746
5 7714
2 6104
9 3123
7 5684
0 6444
8 5563
7 7256
0 8575
1 5020
4 5186
5 2894
8 9754
7 732
3 2300
6 8325
6 9486
1 3173
4 3858
6 513
2 371
9 6428
5 6223
9 1247
9 2204
1 5739
8 5762
0 3059
4 811
4 8884
7 737
6 7158
3 1694
0 2515
2 3161
4 7892
5 9871
3 4247
9 3361
4 1089
1 6355
7 3291
6 2786
8 2698
0 4953
9 5061
2 6126
5 7694
9 2840
1 5610
1 1674
7 2865
2 3620
3 6604
2 9616
6 3634
3 7045
5 7685
8 675
9 2117
4 2010
3 2706
1 8214
8 4745
0 4938
7 2123
8 7452
4 588
2 4028
3 6075
6 7899
0 5663
1 7265
7 5880
5 6215
9 3513
3 3203
8 7940
4 4195
2 9484
6 1109
1 8600
0 3370
9 8049
0 149
5 8834
7 1037
0 4411
5 6596
7 9062
2 3168
3 205
7 2192
8 4853
6 7976
2 8477
4 3893
7 1009
6 7938
9 240
1 8630
2 6878
3 8149
8 1498
0 8193
5 6228
0 7528
5 9053
0 6989
4 674
1 6390
7 8351
2 3044
6 9356
9 8941
3 6526
0 8654
3 2213
8 1446
4 5530
0 6850
1 7922
3 7080
7 1940
8 9834
4 9917
0 6741
5 5847
0 3750
2 6497
1 5157
6 8551
1 9473
9 8729
3 5860
8 6525
5 6513
7 1642
0 302
4 1302
5 5641
2 111
6 2811
7 2593
0 5383
9 9671
1 2197
7 2676
2 2724
3 673
6 8019
8 3466
2 2483
0 1393
4 3870
5 7635
9 1805
5 6432
9 3004
1 6478
5 7741
7 622
3 7502
9 8342
6 8506
1 5228
5 2360
8 9809
1 4608
7 8141
4 7920
2 9749
3 3577
5 7964
9 3595
3 7042
0 4886
5 9549
8 9105
6 4410
1 2367
7 9520
3 4556
4 5426
2 2599
8 6167
6 8199
1 3305
9 3701
8 2693
0 5008
6 6553
7 990
3 9010
5 7259
9 1950
1 3912
4 6835
9 2130
2 602
8 6048
1 9526
0 9973
6 3032
7 8883
7 1376
4 8037
9 5534
3 3575
4 5100
2 5084
5 5645
8 7647
9 6090
1 1466
1 3351
3 8795
0 8713
1 2835
6 9965
4 495
0 5648
7 7005
2 9519
1 4828
6 5871
6 7683
4 5872
5 6138
8 9666
6 1949
0 3808
7 8502
9 2332
2 1468
9 2883
4 7950
8 4437
3 4641
5 3388
6 8437
1 839
6 192
1 5103
4 2841
0 5274
4 5758
8 6537
1 3012
5 5932
3 7929
0 3993
7 1342
6 3256
2 3082
9 3323
1 6470
5 5652
4 2435
8 2434
9 7919
1 8770
4 9900
5 6807
4 7010
7 7336
8 4772
3 6123
9 7031
0 2180
6 6993
1 8114
6 9609
0 4295
5 5245
7 4970
3 3574
4 3237
2 963
8 9249
9 7340
3 2968
2 1692
1 9971
3 2848
6 9773
5 5382
7 2479
0 4015
8 5528
4 2774
4 8047
9 6389
5 9464
7 1308
0 2134
2 4840
5 7348
3 8166
6 6538
8 2202
1 6732
8 854
5 4791
4 6864
3 5419
8 8752
3 5091
8 9706
9 4056
6 7891
9 1240
6 1909
1 7555
7 8520
0 2537
6 8566
2 4561
1 632
2 6292
8 6092
8 4397
6 8957
4 4843
5 8327
3 9130
5 5919
7 6191
8 6912
0 2179
5 4581
9 8059
1 5566
2 1560
7 9668
7 8398
6 1405
0 1528
5 5151
8 6370
4 1593
6 1736
9 1126
5 1734
8 3615
0 3347
0 663
3 1358
2 2641
0 8728
3 2154
4 3718
1 2103
7 156
2 8937
6 4104
0 827
3 2819
9 8685
6 8377
5 30
6 1496
4 5461
5 1098
5 7046
6 9207
0 477
1 2915
8 9818
5 359
7 9865
3 1525
2 7284
9 5561
5 6119
5 4322
3 4697
4 8040
6 8662
3 9779
4 3845
2 6986
0 5353
1 4764
8 92
0 4508
6 9764
7 2075
9 9653
6 372
3 276
7 490
5 2956
4 6961
9 6619
2 3115
6 7666
2 4670
3 2814
2 6053
1 14
6 900
3 5637
8 6798
0 8345
1 3367
7 8187
2 9617
5 6476
3 83
5 6656
3 6447
8 9938
0 9878
6 2971
3 2732
4 6855
8 2097
6 1753
9 4190
1 6206
3 5961
7 5006
2 2712
1 8282
5 2661
5 2864
3 2567
0 5037
5 8539
4 5187
7 8023
3 9574
6 7569
8 4458
9 4817
9 1897
0 3967
5 9354
4 5804
9 2742
2 3485
7 6064
0 196
1 4691
3 8549
3 1116
5 1810
6 2143
3 5377
4 3471
5 2900
8 7190
6 1730
9 8330
2 3549
7 2984
2 8570
7 2484
2 46
3 8701
2 4629
0 6471
4 3196
0 3742
1 7903
7 2343
5 6249
3 9561
8 1198
0 787
2 2998
6 3343
9 2390
4 3163
7 3954
5 7595
1 4173
7 6624
0 2604
0 7385
2 3637
5 6715
6 4616
0 5182
3 9728
1 7172
8 8645
5 6865
8 1653
9 1183
4 1451
6 8001
7 8277
6 9685
7 4887
5 4871
2 9947
2 2716
5 1292
9 6140
0 6777
3 8450
1 979
6 1221
5 9305
7 1920
9 9767
5 9719
8 1196
8 4164
4 6814
3 2670
2 3933
1 9358
6 3550
2 946
0 4943
7 5263
9 6181
5 7406
8 4848
4 3045
7 6911
9 8655
3 2495
5 5709
8 7149
1 9982
6 460
2 682
4 2519
7 1378
9 1563
3 7941
0 8616
5 3863
8 5720
0 1154
5 8368
5 5158
8 6155
6 4358
0 3972
1 7953
2 8814
8 4601
5 9359
4 4750
5 6916
7 8409
9 58
5 6045
3 3410
2 8403
6 9959
8 8994
9 642
1 4589
0 9329
3 2889
4 5371
1 1650
5 3429
7 5901
3 2951
5 1919
2 6169
7 9815
5 662
8 1948
6 327
9 1352
4 5407
0 8936
7 239
1 487
7 4948
1 5361
7 3580
1 7074
5 71
8 7126
3 7322
6 5894
7 114
3 533
9 9427
2 1111
4 4566
6 9493
2 4958
0 4716
1 7373
5 5765
7 791
8 404
3 7363
0 6551
9 8672
4 6323
5 2598
6 3473
2 7787
9 7808
7 6815
1 2051
1 9256
7 2827
1 8247
5 4250
3 3345
8 7162
5 9535
7 9430
1 1359
0 52
3 2430
4 312
6 969
8 3798
5 6265
1 7759
7 9081
0 1553
2 4580
7 6661
1 1946
3 1559
9 8709
7 2391
4 3478
0 6098
9 6994
6 1871
8 8608
7 2903
5 4093
0 9325
4 8306
8 2843
9 441
1 7590
2 2498
6 729
3 6552
7 4690
3 200
5 2138
7 3770
0 7798
3 4652
4 6847
9 6177
5 7744
8 5478
4 423
2 5664
7 2396
0 3803
1 9975
9 4080
6 1870
3 1105
4 5058
2 3167
2 4513
0 7014
5 1699
1 7797
2 5580
0 5616
8 3654
5 2806
9 5026
1 2502
6 2047
8 2765
7 482
2 5448
5 8674
0 4373
6 235
1 6237
3 3987
4 7403
7 9619
2 8871
9 9658
2 9968
7 8129
4 4109
9 1293
5 6043
8 4740
0 2879
7 5899
4 7623
2 8860
1 2397
9 912
9 6820
5 7342
0 4734
6 3088
3 9086
8 7790
5 4495
8 8420
7 1254
5 9887
7 7249
4 5892
7 4196
5 2054
2 7843
1 2288
4 3046
9 7861
0 749
6 9018
3 2610
7 8590
1 7011
8 4103
5 1391
8 5628
2 5557
8 3573
2 2592
0 2625
8 93
4 9179
6 7357
9 1286
2 4881
3 1660
0 8236
2 1616
3 5314
0 7309
8 5646
1 8723
4 5405
7 6983
4 2612
7 3118
2 9921
5 3247
3 7229
4 4022
6 9042
7 4588
0 3752
9 3909
3 6348
9 6469
8 4416
1 3514
4 7551
6 5040
7 2441
9 1773
0 9404
1 2428
7 2234
2 6453
5 6635
3 9206
8 2379
4 2771
6 9933
2 8218
2 5498
0 7605
9 8105
1 4859
2 2057
0 5364
3 5148
7 4265
5 3204
0 44
0 2933
6 1389
0 2359
8 3703
3 6995
6 5631
0 7019
7 3680
4 1623
8 9209
9 8818
5 5627
3 8480
1 6862
2 1953
3 5672
7 438
8 3684
9 7136
5 6464
6 6642
0 8262
1 2225
9 3848
2 476
4 8150
7 9958
3 4883
8 1197
6 615
0 9620
5 3284
4 2185
7 2465
4 5150
9 7628
1 8157
2 2703
7 7419
8 1122
3 660
6 2008
4 2991
6 8733
0 3144
0 6078
1 3599
6 7712
9 4849
5 6091
1 6034
2 6712
9 8597
0 1521
7 5995
6 2149
8 7100
2 5131
3 5192
5 2071
1 430
9 1943
0 7902
4 2175
0 6981
7 1984
8 6587
4 6236
6 1781
0 8761
5 2017
2 8425
7 133
3 9237
6 8767
1 1259
8 4681
0 1427
4 7230
9 2630
2 8170
9 7203
5 5582
6 1819
1 9867
7 263
0 1064
3 3476
6 7053
8 8658
1 6435
4 2845
7 368
8 7869
0 2362
2 4020
9 5956
4 6067
5 6766
7 3592
3 9833
2 505
6 4337
9 6463
2 3734
1 1777
6 8217
2 6747
8 5400
0 4722
4 167
1 5936
5 5896
6 6446
5 9928
7 7275
2 6233
3 780
6 4188
8 1125
5 7234
0 6373
9 1054
3 8233
6 4936
7 3396
2 9631
4 4426
1 2571
8 4553
5 1107
0 7633
5 4693
9 3876
6 4417
3 6791
0 5614
5 267
2 3880
7 9647
4 9336
3 1797
6 587
1 5931
6 4774
3 4428
8 2523
6 7367
5 6695
9 9148
3 7139
2 4516
6 4431
8 4700
0 5045
6 1514
7 1257
0 1370
4 1377
5 5206
6 4094
3 3178
9 5827
9 395
2 4759
1 7749
4 4005
9 5003
8 132
0 1554
7 4131
4 964
9 6898
6 4026
7 8234
5 3096
4 387
3 3614
2 6930
6 7393
1 1714
4 3140
5 3072
9 3883
5 9699
8 3915
7 4472
9 1026
0 8495
3 1607
5 3931
3 9107
2 881
2 2326
7 9068
8 1936
2 5069
9 2299
0 8707
6 7601
0 9127
6 474
5 2201
7 9511
3 6774
1 4206
4 5398
2 9113
5 694
9 3697
8 2935
1 1135
8 3409
8 5481
0 7954
4 340
2 3200
6 1019
8 1947
5 9199
7 6322
9 7530
3 8478
7 3263
1 9311
3 3228
4 1551
2 8211
7 7186
6 204
3 8856
8 4480
0 6051
5 5730
0 5301
5 1204
9 3356
4 7671
0 6081
2 4101
5 813
2 776
9 1999
7 9006
1 5783
4 4762
6 6375
3 6703
5 3223
8 7972
2 2911
0 2028
9 9864
0 6243
4 2601
0 1114
3 8309
5 7602
4 1375
7 9725
1 5207
8 3183
6 5597
2 6042
0 858
8 5178
3 3253
9 8184
8 5659
2 3148
0 7586
4 3309
5 9405
7 7563
1 4047
2 7058
3 131
9 9394
6 1793
0 8249
4 6802
8 9805
1 6618
3 4813
5 7556
2 7773
3 5696
1 6845
5 4434
7 9134
9 7937
2 9475
9 961
2 2311
3 4065
4 5601
6 7128
0 6706
1 4913
2 7473
5 3307
8 1045
3 6817
7 3330
9 851
7 3364
1 9245
0 1756
4 1415
6 6505
6 6530
5 3959
2 3973
8 631
2 8764
3 7184
1 6824
4 1992
2 5272
7 8389
9 6110
3 4851
6 73
5 1513
0 1108
6 2021
1 988
0 1594
5 7537
8 3000
4 4089
6 5875
1 159
2 5851
7 5747
8 5050
4 6881
0 1956
9 1798
5 354
3 5862
6 3060
5 6437
1 6047
2 1143
1 9046
2 3084
7 294
0 5411
8 6403
1 9004
2 8359
4 812
9 4159
9 8220
4 7736
3 3090
4 2056
6 907
7 8560
9 614
0 3587
4 6455
5 8263
3 7453
6 2967
8 8895
1 6366
9 7591
7 7612
2 8913
0 9500
0 9676
4 5630
5 6393
3 1967
4 1652
1 9775
5 8181
6 9863
8 7549
7 5778
3 5700
2 4023
4 2363
1 4191
2 3594
3 5737
9 6457
5 1420
6 6222
8 8050
4 4713
0 683
4 6910
1 2218
7 5690
2 9662
0 1924
3 6564
9 5910
4 278
1 2236
7 1200
4 817
1 5693
5 8375
7 676
2 2069
5 6220
6 8006
7 462
0 1229
2 3965
5 806
8 8382
3 1761
6 7434
1 7133
9 8708
4 8401
6 6950
7 4905
9 6964
0 6576
1 5130
2 3275
7 4538
5 8716
8 1
3 747
9 2722
0 3027
5 7854
1 8108
4 7780
8 5302
2 2424
3 959
6 9452
7 5766
6 4637
5 499
5 2595
9 7561
8 9124
0 1731
1 2763
2 5333
5 2846
4 241
3 4838
5 3768
7 2644
4 4492
8 1339
6 1579
0 1945
1 3766
2 1119
5 9573
9 2532
3 5265
8 9412
6 6218
3 4123
7 5924
0 1367
8 7624
1 3358
4 2060
6 2504
2 1881
4 3839
3 9759
5 1396
7 3711
0 6241
2 2631
4 9433
8 4083
9 5454
1 5330
3 6306
1 5298
6 4210
3 8659
1 6254
7 8541
6 645
0 6632
2 8516
3 5168
4 9802
8 502
3 7386
5 1900
4 6924
8 2044
9 6175
1 8869
7 5805
3 4352
6 2754
5 6404
4 8553
8 3525
9 9643
1 4242
0 155
3 6720
2 5859
7 4856
7 8542
6 304
7 6595
5 9097
6 6203
4 5216
8 970
7 8973
9 7501
9 4380
1 5923
5 5898
9 2221
5 259
6 777
5 7544
6 3675
0 945
3 9415
4 844
2 1988
6 2140
9 1298
3 2664
9 7310
3 18
8 6058
5 2136
3 5613
7 5722
9 7933
0 4454
1 2576
9 3585
4 3444
2 5433
8 5913
6 1765
3 5553
9 766
9 3710
9 7514
0 2323
1 5745
5 3131
2 6377
7 7668
9 6005
8 5732
0 2331
4 1814
6 991
8 7540
1 3991
6 297
0 8831
3 4491
5 2986
8 2115
5 2080
2 779
1 6615
6 1061
8 3906
0 5358
3 3382
7 3571
9 8107
5 3877
1 651
2 7536
6 2313
4 9823
8 8461
0 8604
7 1548
3 9762
9 8599
5 6900
5 194
1 4606
1 4908
1 1216
2 9410
6 669
4 5445
1 6714
7 5195
4 9333
2 8852
3 2514
7 8768
4 9858
3 9429
6 1719
7 1592
8 4312
0 8643
1 2713
4 6157
9 9678
2 6874
1 3508
3 5166
4 7726
5 7660
9 788
1 8016
6 5992
0 914
9 5111
7 7926
8 6890
3 9930
2 3329
5 7574
0 4150
4 538
9 9595
1 5586
3 1251
6 9806
0 6234
4 4602
7 6729
1 1585
8 2429
9 1599
2 5213
