0 3378
1 7142
2 54
3 6371
4 8241
5 3035
6 6290
7 9954
8 7775
9 790
0 367
1 4638
2 9248
0 7871
4 1928
3 3350
1 8676
5 6828
6 3034
7 2162
2 1202
8 7208
2 7413
9 5034
0 7702
8 8833
4 3040
2 6057
9 721
3 65
9 982
1 6430
1 4993
0 1862
5 9622
6 1790
8 2981
0 8007
1 7833
8 9853
0 9075
7 4160
4 3067
7 8276
0 5567
0 8970
2 2488
5 8779
0 8032
3 5802
6 8514
9 7194
5 2874
0 6095
8 9257
1 3828
3 4288
2 8512
4 560
1 4062
6 2239
7 984
9 6442
1 56
7 8136
0 5465
5 6141
8 2990
6 8794
1 4785
6 373
3 6480
2 9772
4 2718
1 5657
7 8868
3 7682
0 2023
5 4306
9 9729
8 1266
3 2497
4 2583
1 6945
7 2098
0 183
1 7482
0 306
9 7523
0 8431
9 5395
6 4792
2 4372
7 4361
1 1289
5 1958
6 5051
8 9400
4 6131
3 2899
0 7411
3 9488
5 1315
9 1207
6 8447
3 6407
5 6582
9 4019
2 5751
7 2177
6 8953
8 800
1 8527
6 7264
8 4257
4 5814
3 1612
5 8463
1 2916
9 9969
1 7285
9 7465
0 8152
2 420
6 8064
9 6227
8 613
3 6889
4 6836
7 3955
5 5678
2 3141
5 1215
6 6419
2 7227
9 2556
5 4236
1 6799
8 886
3 6812
6 4860
0 6096
4 283
2 9278
6 2686
4 2186
6 8536
0 1160
4 9446
7 1024
9 4928
2 7840
5 661
1 6379
6 4551
7 8621
0 9203
8 4829
4 4520
3 1439
2 5803
9 2219
4 6337
8 6283
5 7454
1 4979
3 1768
9 4221
6 6011
7 1536
0 1407
0 3428
0 1737
2 70
5 4873
4 6790
5 3548
1 4712
8 2696
8 8743
0 8909
1 5917
2 2924
3 307
8 4935
9 1278
6 1320
7 7399
2 9603
5 2957
3 4965
4 237
8 8765
6 6156
3 3591
0 957
1 339
4 2139
8 5615
9 6571
9 9559
6 3769
2 1386
5 4016
7 4042
5 6542
6 5538
3 4402
7 260
6 7664
0 4757
2 8491
5 4761
7 7657
1 1860
3 9035
5 6382
4 4533
4 9495
8 4307
0 6415
5 641
6 4157
9 3302
2 1319
7 4902
3 3943
8 6325
1 5817
5 9100
6 9171
9 2632
4 1749
6 2074
0 7388
2 5808
3 1931
4 7698
8 5518
9 4486
7 4121
6 1873
0 2715
7 4715
1 6056
6 6685
7 5243
6 459
1 6928
0 2388
5 3171
1 1628
6 2256
3 9261
4 9673
2 3181
5 9705
8 4014
9 5619
7 9828
3 3797
8 8878
0 3295
1 658
5 1194
9 985
6 2880
4 758
2 3112
0 2235
0 1444
8 4627
1 2392
8 1156
3 2895
5 8972
1 2159
6 8045
7 19
6 2460
1 8773
9 2135
3 6657
8 539
2 7218
5 1155
6 1469
1 2137
4 952
4 8578
7 6041
7 4687
4 6394
0 9613
3 446
0 8899
8 4217
3 5346
0 8572
8 637
9 9342
1 6506
6 333
8 7237
0 8722
2 1584
3 6027
9 3403
5 3685
3 4915
9 8528
1 5874
7 1101
4 8175
6 9579
8 4782
0 4972
9 8363
2 4082
2 4821
7 1764
5 5089
5 9582
3 5356
6 8574
3 5258
5 8866
6 2801
8 9273
5 7910
1 7737
4 8171
0 3800
9 5620
3 1533
5 4499
3 369
6 5048
2 4251
7 5134
3 7842
6 9244
8 7353
9 6314
8 5331
9 7152
1 8581
3 2092
5 4784
4 4285
7 5423
9 6681
0 9072
1 9791
2 2320
3 7723
6 4400
0 7935
1 2152
8 9812
4 1758
4 3497
4 4134
7 5017
9 2351
2 7625
3 4396
4 2945
5 3851
7 9155
6 7758
6 4034
9 6870
6 536
8 9876
0 5487
1 6849
9 8140
3 7825
6 5741
2 5612
3 2919
4 6068
6 1046
5 4647
7 2295
8 7429
3 1804
0 281
6 9859
1 1423
5 1771
9 2570
7 4744
1 191
8 3836
7 5304
5 1893
9 5324
2 8036
1 7800
4 8011
3 4117
7 5574
8 9302
5 5300
6 3833
0 8561
9 1981
2 4275
4 8867
1 7104
2 8074
3 5065
8 4779
4 7486
2 3229
7 4078
2 2842
7 9726
6 7409
7 1672
5 8029
9 4132
0 1964
7 3945
8 2131
9 2585
3 4114
4 9710
1 3405
7 8951
2 1239
6 7350
8 4007
9 2996
3 6887
4 6014
5 628
0 3085
1 3402
7 9285
7 7599
1 7893
2 8197
7 7425
6 7266
8 2606
1 4283
1 7387
2 2659
1 3128
3 5951
9 1902
4 1500
5 2734
7 8042
2 4189
6 7495
3 3789
8 904
0 9604
8 2812
0 9502
4 5250
9 9995
8 231
1 5179
1 8344
7 3254
2 995
7 7365
0 1331
6 4256
5 4187
9 5319
3 2995
4 60
0 569
5 3792
9 7807
4 1379
6 3362
8 414
0 1478
9 8888
1 3891
2 328
3 8896
7 9955
8 7477
2 8594
5 99
3 4455
7 5701
1 8261
4 1639
8 5202
6 5138
2 299
0 7242
5 7868
9 7043
0 9768
7 2416
1 9536
9 836
5 6417
0 7343
3 4830
7 5810
1 1550
4 3778
6 8411
8 9114
9 5644
5 1162
2 1226
0 4305
7 4311
2 5607
3 4660
7 7071
1 7832
3 7522
4 921
6 3873
8 87
1 2253
9 8784
1 5041
5 7289
0 9832
3 7276
5 8
5 9780
0 206
2 1380
4 3491
5 7901
7 282
3 3957
6 6670
8 344
9 6251
1 9233
0 219
7 4180
1 5254
6 5774
2 5070
4 1327
0 3180
5 7896
8 4399
1 5201
6 9353
3 2217
9 9125
4 4954
0 6003
0 8397
6 3098
0 7417
1 5706
2 1574
7 5451
5 6529
6 3411
7 8139
8 9450
0 4017
7 8283
1 9836
2 1843
3 5920
8 7000
9 3530
0 3925
4 3294
5 9751
6 225
5 4418
6 9621
2 4033
6 2802
5 8841
7 399
3 6307
1 6289
8 3929
9 208
6 2353
5 3276
0 3
2 4425
4 3438
3 5101
7 9106
8 8302
1 3303
1 2406
2 7765
0 2531
6 942
9 6733
1 5886
5 7593
4 9756
2 7945
3 6036
7 5345
3 8159
6 5911
0 2554
1 5492
7 6944
8 2960
9 3234
1 4039
7 32
3 620
6 3452
7 7748
5 7930
4 1986
0 1052
3 3747
2 8908
9 7548
1 6858
8 3536
3 5565
2 6256
7 3612
5 616
3 8705
1 7670
1 2
6 7811
0 151
7 7580
3 8921
5 2938
9 7299
1 9963
4 5159
7 7971
5 9054
6 8735
8 9217
0 2212
2 1157
3 9657
4 1008
7 2838
9 6769
5 9281
1 2634
6 6838
8 8135
0 4368
7 2538
8 3951
0 8222
2 4346
5 7338
3 8499
3 7498
4 6840
3 8815
7 3522
1 9546
9 1769
3 2312
7 8744
8 4359
0 1887
9 3337
0 3415
1 3997
9 8930
2 7846
6 9195
8 422
1 8182
0 9980
5 2489
0 3487
2 1340
4 3910
6 524
2 169
3 7488
4 8571
7 1913
1 207
9 9221
0 3398
6 2048
8 4122
7 4794
4 9227
8 6190
5 1837
7 2831
4 7860
8 8916
1 4227
2 1707
3 1013
9 2077
5 40
3 4980
0 1966
7 3772
0 8338
9 1153
5 2170
6 6940
7 5549
9 4369
4 6869
9 9700
3 1003
6 6345
8 6385
2 9184
1 4974
6 5881
0 7436
5 3748
3 3071
7 5809
4 9117
6 8026
7 2559
8 4555
9 8391
7 9101
1 1547
6 7665
9 6943
3 2828
7 4139
0 288
2 9313
6 5890
4 7641
5 7410
8 7328
7 8413
3 1836
2 461
6 3217
5 8956
9 7817
1 3529
3 3853
7 9040
0 3255
0 2517
4 5147
2 6060
0 3696
4 9641
8 9978
6 5930
2 7072
5 5558
8 7221
9 2145
0 55
6 6007
1 334
4 7349
5 548
2 5291
8 7997
2 199
3 8167
7 1591
2 6202
0 4644
7 1831
2 3758
4 7991
1 924
4 8562
9 5164
6 1465
0 2240
9 1299
5 9382
8 50
2 3101
3 9801
0 2226
1 8467
7 4824
4 7217
6 4046
4 408
5 5185
4 5264
5 4547
6 8631
8 892
6 8256
4 8577
9 6960
2 3207
3 3373
0 5355
5 5140
5 6904
1 2007
9 5921
7 1687
8 4775
3 1305
4 4232
6 3518
2 8958
0 5255
0 5639
8 5283
2 2602
6 8333
5 292
1 7879
2 6617
5 2141
0 1189
1 7206
7 5044
9 4723
0 1597
8 6581
4 4665
3 7849
1 8948
6 563
7 8985
8 195
2 6250
0 802
5 2833
4 6821
3 6149
1 7553
1 480
9 8353
7 4342
8 9267
1 4258
6 9296
9 4918
7 8788
8 6738
0 1411
2 2207
1 8924
5 9979
4 1086
6 4783
9 3031
3 48
7 9997
2 3765
8 782
1 838
8 2274
0 4949
1 5608
8 4408
0 7521
4 9741
1 4072
5 7251
8 578
6 1095
8 6514
9 9953
3 4218
0 3023
7 5184
8 9667
6 7017
8 7503
6 7282
2 7715
9 8686
1 7648
4 2767
8 8774
3 997
5 7281
0 8208
9 9665
0 8850
1 4382
5 3545
7 7359
9 2452
5 9402
1 396
8 7969
0 3557
3 6082
7 862
6 4327
2 2882
1 895
8 1951
0 2573
4 1534
9 3733
5 8652
5 1531
7 4872
2 8949
3 6286
6 7852
5 760
1 8746
8 4525
0 9568
3 7427
9 8995
4 6775
6 2937
1 9522
5 7909
8 2340
4 4423
7 547
6 3814
2 4969
5 3014
1 5276
6 4021
0 4332
2 6281
8 9309
3 8348
4 2328
7 3138
9 7863
9 6666
6 433
0 2014
2 3482
0 6235
5 8421
0 4163
3 2195
4 8670
0 1395
1 647
7 1443
3 7710
4 2436
2 4374
3 4366
8 9326
7 6725
4 4688
9 5578
5 5848
3 7831
6 6570
1 8444
0 7457
8 353
9 1726
5 7962
2 2527
1 611
6 4357
7 7371
7 6754
0 3069
4 7785
0 4059
7 512
4 6101
8 1954
9 8137
3 1709
8 5015
4 2837
0 9648
7 8807
9 9794
5 4067
8 8320
4 1004
2 2804
3 9992
1 3422
6 4877
0 8821
9 679
7 2306
5 6317
2 9282
3 4489
4 5340
6 7400
8 1935
9 8104
0 229
8 1735
1 8727
0 78
9 4031
7 9289
5 4100
9 9985
0 8041
8 4990
3 8717
1 1636
7 5210
2 146
5 9915
2 6001
4 9576
6 828
6 5404
9 1578
3 1720
7 1414
8 2287
0 8653
3 837
9 5593
2 9240
4 1083
1 2482
8 8088
5 3505
2 1312
6 8641
0 9166
8 3785
5 7370
7 9645
2 8089
9 8215
3 8008
6 4537
4 1217
2 4296
1 2064
9 8931
0 8625
8 8290
5 8362
6 1371
6 9145
4 2369
7 5843
1 6644
2 7129
6 9306
9 75
4 5289
3 8442
0 5660
7 2329
0 4931
1 2404
2 6743
6 7166
7 7296
0 4329
8 8976
9 3068
1 784
5 4351
2 5297
2 5347
6 5133
7 6451
4 691
6 5366
0 2775
2 3224
8 5697
1 3239
2 2227
8 6913
3 5308
9 2307
0 8585
2 7271
5 8980
9 4689
0 8299
2 9451
9 5904
4 2052
5 5275
6 5939
7 6882
1 4209
3 1617
8 4356
9 7760
4 3483
8 9587
5 9639
6 2969
4 3177
7 3441
0 9730
2 4226
8 9845
2 5853
5 7383
6 6094
1 9033
3 7440
5 8847
9 2000
4 1324
6 9020
0 4742
1 5708
6 9255
7 7721
0 9387
3 4240
8 3349
5 4143
5 8596
2 1834
7 8206
9 1209
0 3985
4 9037
5 6381
3 1020
8 519
1 577
4 8699
6 6285
5 8671
2 4260
7 5984
2 8010
9 2614
3 1884
7 5010
0 793
1 9770
2 5702
9 6294
8 5812
9 5649
0 7757
3 4036
4 9715
7 4651
6 3172
1 8266
9 1397
2 8525
5 5948
3 2513
4 5993
0 2994
5 1787
7 3289
3 7542
6 3589
4 2530
8 6274
1 198
8 8665
0 5670
5 5866
7 5132
2 9602
8 9262
9 1505
0 3236
3 7182
9 4129
5 5740
0 6489
4 9599
6 2687
7 7481
2 7996
3 3656
5 2476
8 5820
1 5428
4 8313
4 3629
6 9029
1 3015
7 5253
9 7847
1 5056
0 5568
2 4818
6 1811
4 9717
7 1980
9 9032
1 2321
5 6664
0 9070
6 5177
2 3057
3 163
7 5234
9 9950
8 1418
4 7345
9 2093
7 5161
8 3635
4 5736
6 9390
1 5488
5 7777
2 3393
5 7513
9 831
0 3061
2 7638
7 1460
3 9748
7 3290
9 5227
5 7135
9 9276
7 1090
7 1000
0 5004
8 4069
9 5102
5 9518
4 9015
6 8358
2 2518
8 105
0 3794
3 7159
4 3628
1 1133
0 9293
6 4348
2 9016
7 481
8 3436
4 9222
8 3308
3 8876
9 6501
1 6303
5 9084
4 2264
0 8017
8 3831
3 2501
2 6676
0 757
6 6914
9 3603
1 7317
5 5997
7 4053
2 3186
4 1007
0 9543
6 4040
0 2910
9 9147
6 1329
8 7639
1 6605
5 3676
0 9279
3 6221
7 4445
3 884
9 5311
6 4385
8 148
2 5455
6 9093
3 421
1 4855
8 8569
5 3271
0 3414
4 3051
9 5165
8 4137
7 7875
2 6037
5 28
6 689
3 5838
1 4659
2 2953
8 7998
4 3087
2 9611
7 1969
0 3086
1 7688
9 564
5 8696
6 5403
8 440
3 1738
6 8294
2 8278
8 2425
3 542
7 7573
0 2717
6 7577
1 8004
2 7187
1 3435
2 9675
9 2037
4 9504
5 2561
1 5905
2 3371
8 5947
2 2302
3 6859
9 228
8 5099
7 1039
2 5458
4 2325
0 9607
0 2099
6 492
8 5967
0 8258
5 6929
1 1775
7 1519
2 5009
0 5231
8 7189
3 3264
4 8000
9 824
7 9348
4 7146
3 4088
6 5279
2 4517
4 8530
6 7716
3 1626
0 2049
9 1255
8 7001
1 9349
5 9636
7 8783
4 3495
0 9
8 2764
3 4942
5 2413
7 5318
9 8595
2 8646
7 4436
9 1455
1 5268
6 428
2 4474
6 3822
7 2829
0 6763
2 8863
4 9857
9 705
8 2268
1 6630
6 2265
9 9712
3 8406
1 4483
5 4839
9 525
3 4344
4 380
5 5436
7 1392
0 5024
6 8015
2 7913
1 3328
4 1604
4 9242
5 5337
8 5868
9 365
3 1812
3 7257
6 8607
4 1613
5 4664
6 4169
2 224
5 3336
7 8935
8 3795
0 4421
6 3005
9 7450
1 5819
7 4181
7 3166
3 6258
3 9308
4 9527
0 7510
3 8939
6 80
4 6509
0 9528
3 8730
9 5775
1 5953
2 6198
5 4317
8 9132
4 6603
7 7226
6 6350
9 516
1 6520
3 5554
0 9095
3 7236
3 2020
0 723
8 7851
2 1581
5 7215
4 2511
0 855
3 4522
8 1041
4 1442
9 7617
6 865
2 7766
5 6485
7 1475
1 5858
0 6083
3 7718
8 9596
3 9156
9 6400
8 4170
2 1665
4 3125
5 2989
3 4743
7 1132
8 2868
6 434
2 2993
9 1093
2 4419
4 3790
5 6116
1 9672
9 9831
0 4861
2 3917
8 5066
5 2289
7 6135
3 2653
6 9002
1 7431
2 5714
1 165
4 2267
2 3986
0 8086
7 9634
9 4481
5 7200
8 7102
1 8080
3 3509
4 2759
6 5776
2 6873
7 4773
0 4066
2 4760
7 9830
8 9605
9 1727
0 9023
2 4439
5 2327
3 3162
4 8336
3 4619
1 7986
4 4766
7 3581
3 2132
6 3013
4 4497
1 7644
8 9783
9 9827
0 72
7 5014
3 2877
7 5053
0 2563
2 9855
5 4596
6 4231
3 8725
1 9598
4 1399
0 5626
8 7315
9 8971
6 3579
4 1849
4 4304
4 4392
7 8503
4 1282
5 7121
2 8870
5 9934
6 9593
3 3338
1 896
0 5183
5 2237
8 252
9 4460
2 6102
8 1099
9 8188
8 5912
2 7873
3 10
9 6531
1 4678
0 7301
4 5515
7 2596
8 6361
2 3326
5 5222
3 1565
9 8718
6 6545
1 6863
0 9320
4 3126
7 5388
0 9126
8 3252
2 2672
5 4045
4 5446
3 9912
9 8369
6 2111
1 5591
6 3437
7 3724
0 9052
8 7177
1 7763
8 9786
6 7463
7 5485
0 8267
2 3674
2 2577
4 6936
5 4184
7 8232
4 3670
6 5096
0 6002
3 5410
8 9608
1 5969
9 9669
4 216
1 7767
8 9436
7 6934
8 8051
2 7985
8 9936
6 3498
3 2171
0 639
5 1784
4 1718
6 6356
1 8803
9 5437
7 8435
5 6197
4 4694
8 7771
2 121
6 3541
3 8801
0 8775
8 3250
4 1978
2 1822
1 5427
9 1641
6 4224
7 1398
7 1776
9 1186
7 2120
5 1545
0 4450
3 7069
6 1476
8 8714
4 769
2 8165
9 454
1 2526
5 4592
6 5064
7 6672
8 2478
0 2711
4 7252
3 5870
2 6264
4 1401
3 9301
2 5962
6 9550
4 7150
7 2310
9 6186
1 2575
1 9088
8 9896
5 5884
0 197
3 7768
8 7028
1 1078
0 1330
5 3554
2 4741
5 7313
2 429
8 5284
3 2308
5 5950
6 8372
1 7002
4 5943
8 9966
7 8380
9 8592
0 4559
3 7725
4 8959
5 7823
2 1364
6 4494
7 394
1 6161
0 1430
0 2650
8 1535
3 9352
9 2823
4 5495
0 591
8 9366
3 4595
4 8557
5 2282
9 7293
2 6806
6 1467
7 1970
3 2041
4 2088
9 3297
2 9208
1 1537
0 6837
8 3597
0 6718
5 9067
8 5888
8 2626
3 9690
6 4333
0 1267
4 7076
3 1918
7 311
9 51
0 4110
5 9467
2 3641
1 8720
8 1082
0 9907
5 8844
6 4800
6 5771
4 7183
2 5653
3 9392
7 4919
1 4719
6 3918
4 4645
8 9881
2 3665
9 8825
3 6204
2 9695
9 3896
0 1589
1 1586
3 6080
7 6958
1 8005
2 341
6 1410
3 6563
5 4044
9 6331
8 3739
4 3998
0 1842
2 8120
6 2298
6 6941
7 7196
1 8355
5 4140
8 2318
4 1515
8 8904
2 960
3 8083
6 1700
9 4708
1 9378
2 8945
0 8153
3 1962
1 9555
4 5079
9 9059
8 8096
7 4962
3 4477
3 9674
5 4452
6 993
3 5551
5 2753
2 3450
6 3689
3 3774
9 6113
0 1106
3 5602
8 597
3 2657
3 3638
4 4882
5 2958
1 6210
3 1835
2 8544
8 383
7 3202
1 2637
1 5214
1 2091
3 4795
6 6473
1 3837
4 7089
8 7878
9 528
5 3606
7 7272
0 7372
2 7735
5 9321
0 5415
8 4449
3 7949
9 4814
6 5350
1 6982
4 6813
6 6667
7 251
5 9924
0 4432
1 565
2 4583
8 6834
1 4519
4 9640
6 3270
9 792
3 8305
7 4599
5 7106
4 5144
0 1369
6 5829
8 9174
9 3272
1 8673
2 9223
3 5462
7 9688
8 5295
9 6106
5 8787
1 3749
2 7156
4 4501
3 3651
7 1927
2 9869
0 1473
8 6925
0 9271
6 4182
9 1675
3 6659
5 2555
4 585
7 8820
4 174
3 5499
1 7198
2 12
5 3033
7 6121
8 2769
0 2118
3 5425
1 1783
6 7047
9 5524
7 345
2 9185
5 7779
3 2588
7 9073
0 4229
2 3736
5 2238
1 3251
4 908
8 3911
6 621
9 3493
5 664
7 3357
9 2850
1 352
3 2373
9 3543
1 2710
4 2254
8 2551
9 5916
0 5025
2 2446
4 8677
3 901
6 2419
8 5841
9 5344
1 7395
5 638
7 4906
0 1821
2 4930
2 7994
4 3107
9 9946
3 9220
2 5309
6 5897
5 8579
8 1179
5 561
7 1523
9 4927
4 9628
1 2685
8 2983
3 5456
9 9120
0 8449
2 4802
6 6966
8 909
1 4666
8 242
1 7408
3 1172
8 8310
9 9698
1 3030
5 5076
7 1524
4 3376
7 3365
0 1150
4 9210
3 7740
8 6383
7 2679
2 6293
6 545
1 3489
9 5457
3 692
4 6753
5 6261
9 7245
3 2061
5 1373
4 4842
8 1827
9 2316
3 7025
7 2564
5 326
4 7600
6 324
0 5876
2 4381
1 7957
3 7263
9 8789
8 5769
5 973
8 7467
0 4683
7 7961
5 9274
4 5413
6 4977
5 6804
2 4763
4 7179
8 1989
1 9905
0 3136
3 6831
7 9417
2 7552
2 1385
9 3109
5 6523
6 1670
4 5083
6 3192
0 9246
3 9544
7 3421
8 9529
1 7101
6 2978
0 2089
2 7755
6 7545
9 3562
0 8688
3 4711
5 116
9 5362
7 3313
8 8813
4 9708
0 930
1 7167
0 9977
3 7667
5 9327
1 4705
2 8636
6 7743
9 5357
0 933
7 4433
8 1680
3 8615
8 8724
4 3135
3 9872
5 4112
7 4192
1 7520
7 8628
2 999
8 6540
4 6607
5 3312
6 9888
3 5857
9 7292
1 1509
6 9949
4 5833
5 8848
7 1304
0 4326
3 6160
8 8202
1 124
2 418
2 6466
3 5835
9 6751
4 1032
0 4148
4 3194
6 5220
0 8493
9 6937
5 619
4 4643
7 2643
8 6288
9 8404
9 3048
1 7308
9 9661
9 8531
2 1276
1 4230
5 1648
9 3630
2 1576
3 4049
0 5914
6 3625
1 1063
4 7248
5 7392
9 5705
2 7795
3 6593
7 8195
1 6614
6 5633
0 7464
8 7662
0 7619
0 8687
5 6665
4 9498
9 7195
2 2648
6 9610
3 6803
7 5288
1 3240
0 2977
6 5242
8 4552
1 9914
5 8384
9 9298
4 9494
0 9133
4 8269
6 1572
8 5082
0 2084
2 9483
4 8749
1 8366
2 9153
3 6508
7 3981
1 7380
5 6456
6 8872
8 6483
1 4422
9 3978
2 4682
7 1235
8 5327
0 4756
1 636
9 9642
2 416
4 5642
7 3310
3 8009
8 3427
5 3279
6 8300
9 9580
0 4430
2 5725
1 6308
6 2824
6 6420
7 8663
0 2949
4 9537
9 6918
2 4968
7 3866
1 5055
0 9799
3 9109
8 850
9 543
5 8851
6 627
1 4796
0 3502
4 4027
4 4770
1 9531
2 3979
7 7786
1 9168
0 7947
8 3611
9 4668
5 2985
3 2627
7 7479
1 8316
4 4846
6 3801
8 796
9 3322
2 2655
9 8275
8 4457
2 2148
9 1136
0 2259
2 6707
5 1201
6 3062
9 3788
3 575
7 7826
3 5432
1 6225
7 3546
4 1634
1 3847
8 6975
5 6000
6 2762
8 598
4 7246
7 6539
9 385
8 3206
0 6987
1 3705
2 20
7 3890
8 187
9 2878
2 7366
7 4922
5 6645
6 6368
2 2366
9 868
0 8894
3 8695
7 4673
5 6438
2 3652
4 8802
1 1631
4 1644
0 9731
3 5704
7 4051
6 4545
4 1697
1 2473
2 9926
9 3003
8 7447
0 6359
1 3094
4 734
5 8456
7 6524
6 941
3 573
8 903
9 9043
8 4540
2 6583
9 8650
5 7050
0 3292
1 8861
8 9835
2 7405
7 849
7 9074
4 7900
9 8565
3 5059
6 9927
7 1070
4 2506
5 2680
9 7928
0 3888
1 3604
0 3823
1 4944
6 2999
3 1693
1 2970
7 9275
0 2785
8 7651
2 7637
3 5085
7 8928
4 7989
6 3704
1 1544
5 6187
4 7733
0 2252
8 5022
9 8395
2 1346
3 8329
7 2789
9 5374
1 2667
6 9057
0 8430
8 3829
4 520
1 1673
3 6502
5 5193
8 8492
9 3504
1 3153
2 3288
6 3686
7 7027
7 2042
0 1231
4 5367
3 6349
4 7098
9 9192
3 2055
4 8303
5 5029
8 6852
9 9623
1 3423
6 2107
8 1832
2 1987
4 3081
5 8535
7 138
0 2590
3 6193
6 5564
4 322
9 4050
1 3368
4 9434
7 2229
0 3616
8 3379
9 6376
2 5453
5 1010
8 4952
3 4671
6 7144
5 9752
1 7729
4 7013
3 3745
4 537
7 797
3 5282
0 7160
1 9569
5 1040
9 951
3 4261
0 9425
2 7143
2 5332
8 3418
1 257
4 7720
5 773
7 9904
6 153
5 2810
3 8388
7 2784
0 576
8 6931
9 1351
4 7059
6 2445
6 7415
4 859
2 5408
6 2009
1 4365
2 3781
6 8013
5 82
1 498
3 9022
4 5447
7 6408
4 2029
5 3777
0 7820
8 6589
2 4175
3 9679
5 6541
6 7099
9 485
4 113
8 3805
1 1705
0 2851
5 4628
5 9656
7 179
9 4081
4 3120
8 6287
9 41
2 3935
6 9268
3 7022
4 3477
9 8759
1 7421
5 9922
2 9829
5 2605
7 1824
0 2963
3 9649
5 4738
6 9373
2 4967
4 7377
5 3708
8 2503
4 7567
7 4582
0 1606
1 9399
9 7931
5 8624
3 417
8 8378
2 9259
6 2628
7 736
1 2019
2 5707
1 8145
9 2640
6 3655
4 4888
5 4225
7 7290
0 24
3 4281
8 7673
2 1632
6 8400
1 5665
5 308
7 3300
9 604
3 3339
0 9793
3 7604
0 5941
4 1169
0 6199
3 5531
5 6132
1 6229
2 8975
6 3958
8 5893
1 47
5 8504
7 1307
7 1501
9 5681
4 5825
7 4753
4 8341
8 6332
7 6517
8 154
0 5306
5 6854
3 8253
8 9575
8 3445
9 7992
2 7124
6 8739
9 4324
1 8638
4 7191
7 4282
8 3872
0 7956
3 5514
5 7302
6 2520
2 650
6 6768
1 5466
6 3083
9 3269
9 2975
6 3355
2 4718
4 1102
9 4896
0 6423
8 9090
2 3258
6 7054
9 3843
4 6089
7 9974
5 7225
7 580
1 8817
3 4376
5 1552
0 775
3 3205
8 8812
2 1934
9 5990
3 4387
4 6205
6 3475
8 6567
4 643
8 9200
2 4135
9 509
5 2913
7 6365
1 453
0 2721
8 9956
3 9465
3 7414
6 4663
9 3605
2 400
3 4726
5 6246
4 8513
6 4273
1 607
7 7887
9 464
0 1456
7 1614
9 6189
0 7460
2 8734
8 7475
3 3105
7 6458
5 6976
6 9089
4 5713
5 9618
9 2214
0 2622
9 1510
9 9158
9 3474
1 5575
2 3584
6 2461
5 8243
4 5501
8 3763
2 646
0 472
9 3534
3 8078
5 2704
7 2294
1 4615
8 6142
1 7739
6 789
7 6507
0 3434
8 6674
9 1955
4 5080
1 8510
3 7999
2 690
6 6771
7 931
1 6651
5 2277
0 6772
2 7783
3 6694
6 8702
8 4509
6 2432
7 3555
9 5977
8 4617
4 2922
1 9269
5 2046
0 8864
0 1031
6 3690
3 5638
7 8907
2 6908
9 7161
6 3533
8 6727
3 2409
7 3657
4 6352
2 5435
1 1381
4 3956
5 8033
9 7557
2 3408
6 8810
8 9121
0 9118
1 891
3 9169
4 7034
5 5522
1 8238
7 3720
9 4498
2 2156
3 4910
6 5038
4 5527
5 7754
8 6152
1 6301
0 9368
9 5109
7 3537
4 4294
5 6334
2 9005
3 6783
3 451
6 2347
8 3110
1 2533
3 9193
6 8349
0 4884
9 1517
8 7170
7 483
1 2580
3 4113
6 8154
4 3341
9 185
5 6247
2 3018
0 4901
7 2448
1 2291
6 1057
8 7312
7 2095
1 6971
4 7358
3 6637
9 885
8 716
7 9008
8 9910
1 9122
4 8185
1 458
7 254
8 3463
2 6629
5 5734
0 1877
3 5491
9 7018
7 3157
8 8988
9 3016
6 1094
5 8778
2 7118
7 6698
0 5823
8 8786
4 5504
6 2862
8 2800
9 3682
6 6736
1 1732
5 3354
3 3211
2 618
9 7570
7 5863
8 8508
1 7911
6 271
2 1130
3 5320
5 9140
0 233
7 1886
9 922
4 617
8 7821
9 129
1 74
6 2108
8 8022
2 7684
3 2893
9 275
0 7204
5 1522
1 2394
2 5459
1 7070
7 9740
5 6178
2 4677
4 4570
6 9745
1 2545
8 8978
9 1678
5 7970
0 7728
2 3666
3 5887
8 7517
9 5895
4 7705
5 3492
0 9343
5 9288
7 1212
0 7880
2 5277
6 8231
7 112
3 2974
0 5635
1 1313
2 3903
6 1859
2 8529
7 8416
6 2740
8 2777
9 1570
3 3791
9 3399
4 7756
0 2766
2 7326
2 3209
5 5579
7 3507
6 2164
1 7068
2 4699
8 6765
5 9413
7 6811
3 335
6 1807
7 8588
9 2720
4 5146
0 357
1 4097
3 5401
6 8221
2 2581
8 3865
9 981
7 9840
3 3332
0 8605
5 3830
4 9408
1 9940
1 4375
2 4832
7 2547
9 8649
6 5826
9 670
7 6441
6 2534
9 4907
8 7016
3 4975
0 4892
0 7084
0 8760
4 5047
5 701
7 7442
0 1044
4 5873
6 7690
1 2068
2 8039
5 5800
9 9506
2 4018
3 6216
5 6565
7 8357
8 2658
0 9681
9 5955
4 8537
0 6336
2 3372
3 1770
9 3259
5 2480
6 7402
3 4837
9 1296
7 4900
1 6006
3 7562
0 8248
9 7437
8 7963
2 1264
3 253
6 109
4 2947
1 2322
7 2199
3 6269
2 1316
5 3001
1 3610
4 5726
9 2467
0 5414
8 9277
6 6631
2 6270
3 1325
5 8862
4 3175
9 8642
1 8443
7 266
6 1973
8 3643
3 708
3 4869
8 4316
0 1159
5 265
3 2337
9 467
0 783
1 8664
2 4878
4 8194
7 2992
3 1518
9 1066
6 9844
0 8534
2 3340
4 2250
1 9384
8 350
4 5049
5 5430
7 1869
0 889
3 7258
9 8601
6 1400
7 5211
1 3174
2 452
2 3401
2 1661
0 1861
2 8697
8 4370
4 5643
3 398
5 9406
6 8715
9 7856
8 7603
4 8694
7 2745
3 3922
1 9409
5 558
7 7407
6 3729
0 1754
4 3561
9 5759
2 5233
8 4166
6 3862
1 4138
3 2908
5 6519
7 3147
8 5535
2 213
0 3730
7 2920
9 5764
4 9344
6 2803
9 3994
5 8922
2 122
8 9194
3 7037
1 8967
3 8259
7 8832
1 893
0 8507
9 3280
6 6049
4 98
8 822
2 1621
5 6488
9 2788
7 4108
9 7770
0 9765
7 8451
6 864
1 6588
3 6822
6 439
9 6662
0 3664
7 7381
9 7814
7 5790
9 1879
1 4808
4 4985
3 2490
8 4934
4 9571
0 1279
2 3218
6 449
3 6823
7 6013
5 9157
9 7332
1 6333
2 6841
8 2591
4 6967
4 9873
0 1557
9 3281
3 1708
4 9395
1 7199
6 2178
5 1076
7 1284
9 9984
6 7988
0 878
2 3146
1 4147
4 5381
8 4607
3 5152
7 8792
9 468
5 4061
9 5806
6 5978
0 4054
5 840
9 4727
4 189
6 7052
3 5416
2 3404
1 5472
4 4308
6 9442
9 5294
4 9197
5 4955
6 9374
2 64
8 5787
1 7035
5 57
6 5257
2 8207
4 1538
7 2525
1 6875
3 7918
5 8679
0 4171
6 8992
9 2418
0 4978
4 4011
8 5994
9 704
0 5757
1 8524
7 488
8 1067
9 4076
0 8756
2 1016
3 5261
5 9079
8 9811
9 3049
9 9458
6 955
9 5359
1 4299
3 3500
5 3432
9 4075
5 5743
4 2552
7 4124
8 7420
9 1979
3 6601
5 5519
0 7426
2 5392
3 3389
4 3348
9 5885
6 7640
5 3185
1 8168
1 1250
2 2736
3 3992
1 9381
7 6125
8 4642
2 3076
9 5537
4 3515
5 6734
6 5617
0 566
8 3486
2 3459
3 2557
1 7211
8 2909
4 8521
9 9797
1 8700
2 3887
5 7652
7 7578
8 3826
3 2345
9 2836
6 3608
7 6248
4 2242
4 5756
4 5280
0 8317
2 84
0 1750
1 5807
5 9189
3 574
9 3825
8 7127
7 4314
5 4904
3 4893
9 1875
6 3506
9 2421
2 9553
6 7443
8 1539
9 69
0 2965
1 139
4 2243
2 6942
2 5727
7 1713
8 8245
6 5680
7 9460
8 2586
9 4702
2 7224
3 2793
5 3366
0 5121
5 3759
1 6926
3 9449
6 1055
7 1741
8 5169
3 630
9 2755
2 7526
4 5647
1 2166
3 4289
0 582
5 8966
2 6739
8 3709
6 4526
7 7675
1 1690
9 1073
4 4106
1 3660
9 2524
4 6230
2 2505
0 6585
3 2694
5 9143
6 4899
8 6909
1 244
6 9932
7 9743
8 3499
4 286
7 7378
9 5363
1 8257
6 781
0 1438
2 2509
5 3846
3 9524
8 8134
4 5818
6 3188
1 3948
7 9039
9 4328
2 4798
0 6494
9 2334
2 7772
0 1112
9 4363
8 5573
0 623
2 4933
3 8354
5 7103
4 6434
0 5502
9 2423
1 4064
6 2036
4 8177
8 8610
3 8703
7 7525
2 2427
5 370
6 8498
4 6544
1 3511
6 707
0 1932
8 3455
9 1789
2 9497
5 5
7 943
3 2809
0 1752
1 8084
6 1744
1 5200
0 7141
1 3721
4 4633
8 4618
0 6201
5 6689
7 5135
9 9778
3 5217
5 7207
2 4646
6 8379
3 1663
9 6330
5 1056
2 4438
1 4768
4 4405
8 6039
3 7837
0 2930
3 815
6 5959
0 3971
7 9516
2 1127
4 9943
9 5836
9 4390
5 2073
1 3100
5 376
7 9416
8 4144
8 3692
2 7163
4 2043
7 3116
6 8906
0 4998
8 2562
3 4291
9 7719
2 4032
1 4270
2 4496
9 7912
5 1878
0 3753
6 4280
2 8058
8 6625
1 9651
1 9141
9 7543
3 4857
5 7065
4 8552
7 4394
1 9235
9 4315
9 5753
0 5016
1 3904
6 1128
3 1564
6 2249
2 7240
3 6920
8 9069
5 5438
8 1462
4 4364
8 5562
5 9883
6 4521
7 7839
8 5750
2 9146
3 4631
5 7709
9 3028
1 5560
0 348
4 1394
5 3726
0 3080
8 1689
7 6378
8 8771
4 7422
6 9252
0 8178
3 6343
5 2411
7 3563
5 2263
9 2330
9 1683
1 6767
2 5949
4 6087
8 289
6 4136
1 8620
2 7250
5 5594
5 4309
3 7579
0 8057
7 3070
9 501
7 43
3 5585
5 491
6 123
8 722
1 5946
0 8853
2 6073
4 2589
9 2853
7 6708
3 3047
7 6999
5 8496
3 1651
6 9324
8 9583
2 5127
7 2609
5 7213
1 4960
4 6305
0 3479
6 9028
7 2849
3 1968
8 6745
1 7677
2 4338
9 6363
4 9952
5 4532
9 8912
2 9064
6 7776
0 5742
5 4841
2 1058
3 5266
8 1012
6 4854
0 6621
7 1852
1 3552
7 1248
4 1222
5 6224
1 226
2 5529
3 8800
8 4812
9 3860
1 3905
0 3026
6 3966
0 8533
1 1042
9 9632
7 9624
9 8147
1 4453
4 5891
7 6833
9 4669
5 8932
1 7433
2 77
8 715
3 2063
9 7081
6 1494
0 4441
4 2241
6 2725
7 5296
0 5370
7 6139
7 8684
5 342
6 8110
4 3327
8 5489
7 3440
1 2671
3 4804
0 4447
2 8196
6 2761
8 7968
4 4714
9 9414
1 5621
0 4228
2 175
5 5335
5 2613
6 3719
8 1655
7 177
3 6867
1 1199
2 5032
0 1611
4 6752
1 1432
9 8993
9 1682
2 6118
5 8830
9 9365
5 3927
7 9937
8 7361
4 3227
6 5934
9 9051
1 4462
2 8216
3 3331
7 1743
3 3596
7 4331
0 2678
5 923
6 8410
7 7270
0 9437
1 2820
8 6454
2 466
5 6955
5 272
4 117
9 9287
9 8407
3 4471
5 7588
4 1321
7 3707
9 5087
0 2901
1 7096
3 7713
5 1725
6 6124
2 4528
4 1345
7 5761
8 799
9 6527
0 351
0 5351
0 7707
3 771
5 5546
0 8072
1 1876
2 2070
3 9761
4 5215
7 4939
6 916
3 4867
5 6084
4 894
0 6649
9 8365
8 7504
3 8738
8 5421
5 5190
1 562
3 7175
2 1450
5 5490
4 2747
0 8991
7 3235
6 746
1 6719
9 1997
3 8619
9 6344
3 6340
8 4012
9 7890
4 8637
0 7222
3 6316
7 2101
6 1434
8 7006
9 3510
1 8291
1 9562
2 5239
2 9920
4 6018
5 5503
6 6020
1 7815
8 7952
9 2151
0 4091
0 4733
3 8563
1 767
7 3662
9 5907
2 7168
7 1131
9 6737
5 7040
6 4799
4 7717
6 2059
2 2875
7 3627
8 2825
3 4488
6 5497
2 9383
5 2472
0 1542
3 157
6 3650
9 494
1 4874
4 9842
3 388
6 445
6 4523
6 4752
2 522
7 4971
8 9218
2 6905
5 144
6 3430
8 2038
0 2024
7 7906
2 4201
1 7300
2 2304
8 9188
9 2454
0 950
5 9323
6 1485
4 3782
3 7188
7 7455
8 5694
0 164
5 220
1 4747
4 5717
2 7915
3 3953
9 186
3 1161
3 2594
8 3335
6 5839
3 9742
8 5960
7 1688
5 2529
0 3232
6 8077
2 7701
3 8133
4 4600
1 2642
9 1640
6 7539
2 4769
3 7589
8 8156
7 727
4 9111
7 5480
1 7079
4 1702
7 947
9 7620
5 2799
6 6395
2 9422
3 8545
3 1492
0 655
3 8997
8 5584
0 5119
3 5252
4 2857
1 6030
3 8523
0 1823
7 7491
9 6185
1 1303
5 3102
6 6396
8 8189
4 5464
2 5636
0 610
3 9556
3 5389
9 4300
3 3257
1 6472
5 1310
6 2216
7 1036
7 4997
9 8203
2 8226
3 5305
3 7494
8 6460
1 1780
2 3542
4 1622
1 2003
3 8252
6 6597
0 1228
1 5622
5 2124
7 6029
3 8500
9 7333
2 7582
4 7178
6 7731
0 7209
5 8021
7 3995
8 2860
9 3453
1 6440
6 5246
0 7799
3 2266
5 8816
2 7704
8 4844
4 7706
7 5850
8 4223
9 4911
1 2083
4 3982
6 8422
7 7294
0 8910
4 5587
8 2281
3 4730
7 7038
9 6329
5 9316
1 5991
4 2578
2 8960
6 6490
9 1124
7 8098
0 609
2 2450
5 7113
1 1808
3 3688
8 6705
7 8809
0 2795
2 9737
4 3464
2 890
5 1017
4 7134
6 4293
1 2153
2 5772
5 7571
3 7966
4 6579
5 4805
9 6903
3 4746
6 5035
8 1274
1 7676
7 386
9 8146
0 9720
2 2062
9 6797
3 7331
4 2826
5 5625
6 5900
8 6320
8 2001
9 510
3 1813
1 1933
7 448
6 989
4 4165
3 3681
5 3156
1 8704
0 5989
1 6578
2 2303
8 6780
0 8324
4 3201
9 1176
3 9363
5 8062
4 4465
7 6827
6 7924
6 9687
9 8228
2 745
1 752
2 4052
8 6897
0 9144
5 6448
3 1357
4 4199
5 4146
0 9916
7 4880
1 6240
2 8119
8 8555
5 6959
4 366
5 5452
6 4825
3 5869
6 3914
2 8647
4 6484
5 89
9 7057
8 8445
0 6341
7 3333
9 1728
1 8582
4 7533
5 3586
0 4921
3 6401
9 6387
7 5942
8 1006
7 8657
2 9541
6 9652
0 8298
2 1268
4 4168
5 4778
1 3299
0 6547
9 161
3 1034
1 5163
5 9421
0 550
8 115
0 6498
6 180
7 1696
4 8914
8 7681
9 7085
0 2188
2 1081
3 7228
6 247
0 1786
6 6844
3 4925
7 3840
0 3671
5 9970
6 6653
1 2182
6 4847
7 4393
1 7674
4 4398
8 819
7 3950
1 8609
2 2447
9 1901
4 6654
0 7547
0 2015
5 1453
3 1270
7 1530
0 7067
1 9911
9 269
2 8018
6 49
5 4541
2 7397
3 128
4 8352
8 9893
2 363
7 3619
0 5112
3 3941
1 8312
3 9847
4 5813
1 3053
4 7197
8 1447
9 551
2 937
7 7169
8 4435
4 6353
5 8448
6 7020
4 9407
6 9438
9 7512
4 3582
6 8163
0 4999
2 9838
1 7784
3 2714
7 9929
1 160
3 21
9 5373
8 9477
7 8522
5 1333
6 7611
0 8845
3 2280
4 4630
3 403
2 336
4 8548
2 6275
3 5229
9 3672
4 5386
8 5547
9 9423
2 5484
7 2317
6 209
3 6374
5 4010
4 9078
1 5194
8 3996
9 2731
0 6608
9 8286
6 3249
7 9071
2 6839
1 5846
2 5292
5 3244
3 7212
4 9013
6 866
3 4695
3 6492
8 2623
5 7747
0 9655
9 7484
7 9049
0 7339
1 3898
5 4238
7 7535
0 3821
2 2183
6 7390
4 8210
8 7261
3 5980
6 5205
5 7824
9 5002
0 2647
7 427
2 7254
4 2271
1 5545
3 1751
5 2398
8 1113
5 3519
6 2018
0 6327
2 118
0 2723
7 5342
9 6868
0 2336
1 3809
4 9457
2 8429
0 5471
0 9630
3 7334
7 1794
8 2458
5 6207
6 5716
9 9017
8 8554
3 7990
1 7449
4 2939
7 2569
2 4831
6 4216
9 3622
5 1583
8 1436
0 1724
0 6628
3 4728
0 3775
1 8465
4 5310
9 3390
7 3706
2 5196
6 6422
1 9047
4 5249
8 6636
9 6409
5 2749
1 7108
4 7812
7 5105
3 1025
4 6818
0 710
5 9967
1 3725
2 9738
3 8082
4 2173
6 4626
7 193
1 2821
8 6479
4 5120
0 6431
3 7153
9 5057
3 9682
5 4573
3 8423
6 377
9 6923
2 1772
5 6148
7 9162
2 8244
5 7658
3 515
2 3334
4 478
6 718
6 3523
3 8144
8 7686
9 1187
1 2126
0 3231
7 9650
3 4254
9 2293
4 406
5 1866
6 4889
7 7809
9 1595
2 5341
8 7965
2 2285
1 5788
8 8332
8 9263
0 4544
4 7696
8 3467
3 4604
5 6358
2 3278
4 3661
5 2344
6 268
2 3043
3 6557
7 8230
1 1782
2 6680
9 8485
6 6459
1 5307
0 9766
6 444
9 1238
8 807
2 1851
1 6151
0 2636
5 4850
5 7093
4 583
5 5533
4 2128
5 5479
3 939
7 8515
6 4780
9 5081
7 9774
2 3540
4 2125
5 3940
8 1018
9 3859
1 3712
3 5329
7 300
6 337
4 221
0 6272
8 419
4 9848
0 9098
9 3324
9 9270
1 3130
2 7531
0 9551
3 949
7 6319
5 4981
1 2399
8 3988
4 7490
6 5007
6 3446
9 4087
5 1211
2 1792
8 8627
0 6318
0 531
3 2314
4 6445
7 4994
2 5749
5 7643
1 8474
8 3243
7 6475
4 7351
6 6673
9 4622
1 8584
1 1059
2 8272
5 1848
7 1590
8 9960
0 1343
3 6273
7 3222
4 6792
6 6744
8 7634
1 6939
9 176
1 6683
3 7532
5 8408
2 6716
3 2719
4 1619
6 5675
6 258
8 2261
0 2449
2 7077
7 8612
9 9164
1 5793
7 1091
3 497
9 3488
5 3164
4 5259
1 9480
7 8186
6 786
8 5221
0 9789
6 9337
8 147
2 8112
0 3008
5 2402
6 8772
9 4885
4 7051
1 2748
1 6748
4 3779
3 666
7 3187
8 3576
2 5219
1 2932
8 2121
5 9988
0 5735
4 8567
1 8124
9 1654
6 929
3 2617
7 2301
4 5973
2 3516
2 1701
1 3538
9 6709
8 8882
0 9822
5 7032
6 3490
3 2705
3 2861
7 9758
3 2027
1 9612
7 4198
9 4006
4 6679
8 4610
7 4781
0 3296
5 2486
9 7627
6 1562
6 9584
2 2907
6 8092
8 5156
7 7412
0 9890
6 1361
3 9355
1 270
2 4246
1 5122
5 6017
8 936
1 8113
4 4937
0 9372
0 635
8 8692
3 3990
7 2106
9 4620
6 5785
6 4511
2 3145
5 173
2 1486
1 5270
4 6226
7 2065
3 8961
8 9481
1 5153
2 8838
0 2959
9 8865
6 6038
5 3819
7 3050
6 3344
2 7550
7 323
4 2587
3 2521
6 3458
8 4264
1 296
0 8675
3 6071
9 5500
4 2887
5 4478
5 7884
4 8458
8 544
5 3425
7 2928
2 8155
1 753
4 6796
0 9707
8 3984
5 719
6 605
7 9401
9 2076
2 6954
3 8690
1 3318
4 5092
8 9601
0 6568
8 9238
5 8942
0 8414
6 1368
7 2005
8 9011
3 1667
6 3835
2 4725
9 2733
5 4406
0 911
6 770
4 4648
2 1723
9 9131
1 6367
5 2085
7 8793
8 4142
3 7288
7 3838
6 741
8 450
2 3807
7 1941
3 6411
0 6351
9 1820
6 8073
8 3757
1 6543
4 7360
9 5712
5 2272
6 8295
8 34
8 7722
1 7613
2 1865
4 4424
7 1882
1 8799
4 9396
9 125
0 8769
3 3099
5 644
7 5662
1 7376
6 8424
5 2619
7 6093
4 6260
4 7745
8 4788
9 2553
6 4858
2 3394
4 2768
0 2566
7 262
9 6267
5 2386
3 7024
6 2087
8 5325
1 4073
0 5460
1 938
0 9190
7 4898
4 6046
0 5238
2 3659
3 7597
7 8322
9 6312
7 9340
5 2255
6 8176
4 6392
0 4211
8 4412
5 1669
7 589
3 4636
4 1149
2 6832
1 9747
2 53
1 5525
9 3683
8 1638
0 1677
6 3894
7 5071
2 3632
5 4404
7 9163
1 3007
9 2174
3 6195
8 2574
0 3713
4 7468
6 5072
2 2870
3 685
7 7193
1 8260
5 1785
0 6671
0 4334
9 7546
0 7391
3 238
8 9260
9 246
4 2459
6 5097
3 5287
8 5136
5 3134
5 4866
8 5149
2 9691
5 4917
7 5434
1 4321
2 6255
9 8796
4 6025
6 7154
3 9644
0 8405
1 8264
5 7389
7 6162
8 4989
4 381
6 3283
7 3658
3 4473
2 2393
8 8479
6 374
9 1766
0 5915
3 6686
4 6569
1 4237
7 7987
9 1630
5 2873
6 2780
2 7064
3 5671
8 2701
1 9788
0 1908
8 841
1 1681
1 4512
6 3568
4 261
5 301
0 9684
7 9819
9 5971
2 7398
0 4963
7 1184
3 8475
8 6171
1 6219
6 9677
0 3460
5 8486
4 3306
6 5494
4 8227
3 7174
7 3384
5 4554
8 7507
9 6180
4 3558
2 6146
5 1412
3 9135
8 6491
7 3063
1 2896
4 6266
0 5001
9 4518
6 5855
5 2223
6 8116
8 6860
2 7278
3 3740
7 13
6 4043
2 8143
8 364
0 7122
3 6059
1 2926
4 1071
7 5473
9 6510
6 6560
0 3885
5 1074
1 9499
9 7097
2 8556
8 9202
4 7048
7 9063
5 8977
3 9861
6 3190
9 9776
0 6776
1 8979
4 1778
7 4262
2 9205
4 1747
2 5123
7 8644
8 5794
3 4584
5 9545
6 7176
0 7844
4 2006
4 3815
9 45
0 798
4 717
2 3916
9 4717
4 7210
2 8106
7 5699
8 4414
1 3600
0 700
3 9431
9 3225
2 2439
5 1629
1 8350
6 698
0 7374
0 2646
4 9058
3 7678
7 4704
8 7774
0 9606
2 3755
4 6641
3 2770
7 8710
5 6211
7 4506
9 9721
1 212
5 7111
9 9990
7 567
6 9225
8 8929
0 4731
5 6076
1 5244
7 8385
1 4503
7 3406
9 3189
2 4909
6 772
8 1925
3 3064
4 7734
0 6722
2 1855
0 5054
5 442
0 1322
7 5811
9 5687
1 7955
2 1363
3 426
4 5937
7 5142
6 2114
1 7944
8 3849
0 4524
9 2813
5 5760
2 6997
6 7650
1 5588
2 2407
4 3976
7 3017
3 5773
8 8053
0 834
0 1983
8 3469
6 4234
1 214
9 8434
2 581
5 9854
4 1543
1 7321
7 5667
9 4415
3 7462
7 4914
7 9031
3 579
2 5724
5 3095
0 3907
0 5236
7 5770
8 5124
4 7041
6 1306
1 8836
8 9167
1 1502
6 8736
1 8131
4 3041
2 8917
9 8383
1 8055
5 2885
6 3544
2 4594
7 1454
0 4340
3 7894
1 8132
8 4448
9 1383
5 4539
9 1233
6 2791
2 1349
4 801
9 6279
6 7908
0 8986
2 5864
7 8387
1 656
2 7960
3 8974
7 9578
4 5075
8 808
9 875
2 5440
5 5906
6 1497
7 4302
0 4440
7 4349
4 6136
0 2797
1 6032
8 7883
4 3039
7 6468
3 2699
3 2707
9 9851
0 6291
0 8660
2 6678
0 9386
9 101
5 9570
1 5248
8 2260
0 6871
6 3531
8 9594
0 5224
2 4298
4 3949
9 484
7 9683
1 7307
5 8356
1 5139
3 1600
0 2976
6 5208
2 2387
3 9236
0 6668
0 7984
8 680
0 634
7 8038
2 7680
6 9025
3 5928
4 2208
9 9286
0 8603
5 1493
0 1487
1 3924
2 7695
6 5030
5 9560
8 7568
7 7500
8 6391
2 8127
2 1332
9 2832
5 504
3 7622
4 5536
0 7626
1 1635
9 7914
6 7253
1 5441
8 3386
4 5467
0 5801
8 2380
2 5754
4 9948
7 6550
3 4721
5 4284
1 9523
0 4571
8 877
5 1314
0 7782
1 6554
2 654
9 8426
7 2818
0 4253
6 7489
1 4724
3 4161
4 6590
9 1541
7 435
9 3609
0 8633
7 5506
1 6277
5 2507
8 7711
9 3277
0 1856
0 7456
9 7995
2 7470
4 1347
7 3375
9 1818
1 7975
6 2384
3 1275
5 9870
5 4152
4 8030
5 6572
8 5232
5 2487
7 8987
9 1549
5 4684
8 3400
6 3938
0 7082
1 4661
7 25
2 3560
0 5520
3 1403
9 3420
7 9116
1 6533
2 1488
3 1365
3 2858
4 5856
5 6103
0 264
3 7335
4 5402
5 7828
9 79
7 29
8 9346
1 95
6 6158
0 8846
3 1288
5 2190
4 4025
7 7483
2 4786
9 9534
1 1440
8 4983
8 2031
1 9734
6 7314
1 6137
0 4749
3 8093
8 5957
1 2382
5 7295
6 280
4 7511
0 5768
3 5021
2 8337
5 6921
7 6386
9 1740
5 3195
6 9547
8 469
9 2381
1 8067
4 4002
0 6304
8 3856
1 401
2 1167
4 4008
3 527
5 4698
3 5654
7 7123
3 4377
5 2541
0 3946
6 2616
0 5463
8 7105
7 5799
9 8427
3 7904
8 5581
1 9066
9 143
5 5188
2 9403
1 3593
2 4650
2 3824
6 5728
8 7829
9 6022
1 3567
0 8198
4 7810
0 4562
4 5674
5 4303
5 4531
7 2357
9 526
8 7661
7 1272
9 2729
3 4467
9 927
7 6072
2 2776
6 4041
9 612
7 2079
0 9479
4 4490
1 7086
2 4325
5 7870
6 8060
7 6756
8 5623
9 9230
8 35
9 4950
3 6133
0 3871
8 1647
4 6253
9 9375
1 8223
3 234
5 1326
8 2652
2 4534
6 1065
2 9448
7 814
0 1910
4 9280
9 5005
9 2728
1 5023
3 7804
2 2522
6 5935
8 1323
5 210
7 4095
0 4203
3 2730
4 1408
4 3238
2 5028
4 6300
6 8065
8 2807
9 7216
2 4272
9 3818
8 1163
9 8573
4 8213
5 3963
6 3079
1 5477
1 5927
5 9664
9 8918
7 3092
6 9798
4 4115
0 9362
6 6951
2 26
3 8014
8 2371
6 8721
7 8200
0 3496
3 5791
4 2929
1 4569
2 9300
5 966
9 393
7 5729
8 626
6 3623
2 6801
1 860
1 5094
2 1971
9 9841
0 6616
3 8331
4 2738
2 810
5 2757
0 9557
4 1291
3 9447
0 9007
7 4244
8 7689
2 8158
5 5974
6 3735
0 2284
4 5375
1 1620
3 5174
8 6168
9 1084
7 4267
3 3073
2 7255
8 2389
9 1318
7 489
5 7202
6 7564
6 4863
6 1038
0 3242
3 3899
2 1355
6 523
4 5379
8 6602
1 4149
0 3861
9 6984
3 4048
0 2972
2 2198
7 4988
0 5964
9 3631
0 9941
5 2275
3 1671
6 703
4 9181
0 5198
8 358
2 36
5 2475
7 2886
1 1567
9 3132
0 2305
0 7007
2 8237
3 4916
4 9860
6 4001
4 1508
5 5093
6 76
0 4579
7 6159
8 4310
1 7023
4 5468
6 4074
0 7120
9 6895
2 7979
2 7692
3 6724
6 5036
3 9176
2 7369
5 2315
9 8487
2 5372
5 8732
9 9232
3 9453
7 3074
8 9226
9 1717
2 6362
1 8240
8 3897
4 2168
3 1139
5 755
7 2184
0 3325
6 5160
9 3559
7 465
0 6086
3 5985
8 9150
5 9686
4 5721
6 5321
1 5596
2 1506
9 8905
5 4354
8 2209
3 9312
0 3512
6 6577
7 8483
2 5559
9 9295
4 8919
1 9771
1 6693
5 4107
3 9128
4 2904
8 1829
0 6164
3 7818
6 5240
7 8526
8 9906
1 3799
5 7220
9 5012
2 1145
4 3764
6 1796
0 1218
1 3220
9 3878
1 9272
9 8681
1 879
3 6406
3 9350
7 9003
8 1344
1 1295
4 8225
8 3640
6 9803
5 3553
2 8854
3 972
7 61
0 726
1 8748
5 1880
4 861
9 3273
8 3811
2 9491
6 7850
4 130
3 4729
0 360
1 1027
7 184
0 7201
1 145
5 677
7 4090
8 9898
1 6486
2 470
9 8873
4 6968
9 7428
3 3934
1 4235
4 1458
6 4407
1 2319
9 4995
3 5060
6 3816
2 570
0 697
9 696
5 4102
1 6730
6 9548
8 7214
7 9142
4 4826
3 1746
9 9338
5 6606
0 33
8 6675
2 8613
8 6759
2 9266
4 5688
8 5744
3 4614
7 3716
1 6063
6 1991
2 378
2 6450
9 7438
2 6970
4 1885
5 2165
9 3746
0 1733
3 126
8 5226
3 2276
7 384
2 5235
1 6634
4 8747
6 1178
5 9215
7 9908
9 6284
0 1208
8 22
3 8432
8 6746
2 9076
1 9459
3 2500
8 5486
4 9962
2 405
1 295
3 7375
6 1957
5 7885
1 7061
7 1602
8 5552
8 8419
9 7645
0 1858
6 2400
9 4427
4 4086
6 7131
5 8509
1 127
2 9825
7 5966
3 5063
5 2462
0 5781
8 3104
8 3268
9 1336
8 9056
4 9258
6 3246
1 5399
2 496
7 6781
9 8925
3 7788
3 1474
5 9804
8 7946
3 7107
1 7898
4 4222
6 5260
8 4466
5 6785
0 475
3 4891
2 1402
6 7492
5 882
2 249
6 8079
7 5852
1 1704
9 8334
7 3583
4 4966
8 7848
5 7
2 1103
6 7318
7 633
0 3152
9 4176
3 243
1 5600
8 4485
0 1516
9 7466
2 9371
4 1193
6 1309
2 4894
8 1260
1 134
5 8763
9 5539
8 2309
3 7444
7 653
5 8740
6 9247
2 4442
0 848
0 9680
1 8540
4 8923
8 2286
7 9335
4 4336
5 8438
9 3970
6 486
2 5218
8 549
3 9792
7 3787
2 2026
0 6532
3 2122
1 8142
3 7781
0 9214
4 3197
5 150
2 5018
1 2682
9 4676
3 6842
6 1463
4 649
8 3760
0 6650
5 6518
7 7238
2 5668
1 6655
9 3184
1 3431
3 4126
2 761
9 3052
6 7905
4 7836
3 8126
8 8130
1 6575
9 4982
2 9590
5 9563
0 3158
6 6245
7 4092
4 4946
3 8933
8 3532
1 5922
3 6238
1 9654
3 3677
9 5604
2 5508
5 321
6 9108
7 3715
0 9151
1 7592
7 7669
0 1566
1 7311
3 7778
7 9785
2 1005
7 1224
9 316
4 5107
8 9711
7 2702
2 5420
1 9509
5 8634
3 1883
8 1437
6 7886
7 8274
9 6782
9 992
4 6549
0 5339
9 9027
4 2822
5 9297
3 9784
8 1546
0 2094
2 8822
2 5589
1 4469
1 136
6 5212
2 4625
9 38
4 8172
7 1050
9 1826
4 7506
5 751
1 4535
3 4667
6 540
9 2220
8 4353
0 1906
2 3868
4 2854
7 2700
6 804
9 7727
7 2426
0 5902
8 1219
5 4672
1 3727
3 9138
2 8201
6 318
4 7632
6 3743
4 9307
6 3077
4 473
7 8840
6 3844
9 8307
0 5469
7 6380
4 6295
8 9951
5 9092
6 1426
9 740
1 1596
3 2927
9 8889
7 6021
0 3387
2 7033
0 2210
0 6701
2 6901
2 2779
4 9455
5 8892
2 120
6 8128
8 6711
3 1014
9 7063
1 5909
5 4895
6 6778
8 2477
4 8396
7 1507
2 8826
5 4875
1 2273
0 4156
3 7231
9 4655
8 3968
4 6907
6 1857
7 5513
0 9419
2 3952
1 2160
5 5711
2 7356
2 203
9 3215
3 4632
8 7394
9 2782
5 5449
1 2966
4 4133
8 7323
6 2415
9 8903
2 287
3 3937
7 6426
4 6004
8 1598
0 8598
0 7269
1 9234
5 8587
0 5719
5 8361
1 4748
9 6397
6 6620
1 5482
2 6946
3 4903
7 6477
5 5640
0 3723
4 2635
9 1151
6 7948
8 5512
3 872
2 4116
2 1425
1 1608
2 1252
7 3751
1 6010
0 8205
5 8632
2 6
7 4852
0 5877
1 8804
6 8898
5 8639
4 9902
9 3673
7 8580
9 7527
4 6816
8 7472
3 820
7 5369
6 3786
2 2940
3 8101
0 9370
1 7478
9 8559
2 3728
5 9795
8 9393
4 8758
7 7119
8 3114
8 9882
0 7642
6 4068
1 7379
4 1214
6 7877
1 3374
7 2039
3 2090
9 1388
6 9357
8 4330
0 7653
2 9821
9 6697
7 5982
6 6499
0 8034
4 5599
5 3267
4 4409
4 5777
7 7075
1 5738
6 4578
2 733
3 8984
9 6179
8 7384
5 2508
2 7610
3 5033
4 2368
7 2150
9 4789
0 8454
7 1898
6 8360
1 6757
2 4248
8 8270
4 1938
5 1609
6 8926
5 63
6 8441
4 1649
9 5691
0 2457
3 2980
1 4259
6 534
7 5378
2 4350
8 4446
0 1760
3 3241
0 7958
6 4976
2 7838
0 8281
5 8255
5 9472
8 2086
6 1173
9 4574
4 1273
8 4621
1 1582
2 9998
4 4563
9 8012
7 9787
0 6787
3 1023
5 1168
1 9360
9 7137
6 5840
1 7584
0 2973
1 100
3 5968
4 7936
8 7091
5 9839
8 6591
4 9466
5 978
6 9646
2 4125
4 8386
9 2528
7 7699
0 629
3 4959
1 1449
2 361
8 5391
8 9251
1 215
2 31
9 846
1 3143
6 8094
8 1271
5 4279
0 298
4 4401
6 1755
2 8297
3 8484
7 3301
9 835
9 3359
5 3693
7 9581
1 6114
8 9397
0 9036
4 5230
1 4576
3 3679
0 4384
6 4803
1 1686
2 2758
4 1142
8 8558
9 4801
5 9670
7 1685
6 59
1 1799
2 3528
3 1181
0 8668
0 7724
8 9701
4 8737
7 6070
0 6324
8 4956
7 3939
7 1144
8 7291
6 8289
5 657
7 2847
8 4158
9 4286
4 4777
1 9540
0 2881
5 8880
9 6691
2 1930
7 4233
6 4502
3 3565
4 529
1 3451
8 6594
9 8874
7 5322
0 7752
5 7801
6 3920
5 8766
2 6252
3 4313
4 8835
6 3056
1 6111
2 7876
5 9517
8 8392
9 5209
3 3093
7 9615
0 9810
4 3517
6 8999
8 648
1 6770
5 8472
2 5879
9 9418
2 5572
3 1191
0 3884
3 3964
2 8346
9 6107
7 1360
0 3392
4 5422
0 3456
7 1976
0 7110
6 2270
8 6917
7 5397
9 1165
1 2543
2 4178
3 8938
0 4586
5 6735
5 8085
7 4271
4 871
7 7943
3 7649
6 6610
4 5336
3 6586
2 2081
8 5046
0 8459
9 7841
1 3900
1 5683
9 3219
0 6462
5 2361
1 392
5 1645
4 5658
6 6262
9 8318
3 8367
7 1246
8 3902
2 4585
4 5996
0 2510
1 6424
5 1417
9 9533
6 2816
3 5998
7 4609
8 9503
1 4179
0 2349
5 3944
5 8417
4 3841
3 2474
5 397
6 5106
7 3921
2 762
1 7700
8 7834
9 2022
4 624
9 11
3 8162
0 1774
6 9303
4 2297
0 1615
5 3449
3 2485
9 4932
2 9554
7 4987
0 2350
6 5067
1 7056
4 5669
5 4362
9 9852
2 5078
8 744
3 4945
6 518
7 5475
7 8635
8 7355
0 3936
1 7330
3 1844
3 6313
1 7165
6 6145
1 1512
5 742
7 9739
4 5510
9 3588
2 8052
0 1341
1 2794
8 347
5 6646
3 7806
7 1170
4 9191
2 7223
9 4318
9 3867
1 4070
6 6600
1 2438
5 8682
8 1676
9 4593
5 8950
0 8879
2 3419
7 9385
4 6115
3 7009
6 3928
5 2936
6 2113
5 5651
1 5926
6 375
8 436
0 5180
9 1573
5 8043
1 3796
1 1188
6 2888
2 67
8 7094
1 3447
7 7474
2 3980
6 3121
4 9487
8 913
0 944
3 7062
4 5516
9 4685
0 6024
3 5141
5 3810
1 9532
9 5715
4 8482
7 754
9 8915
4 5606
2 2102
4 4111
0 4118
4 455
7 0
9 7805
6 5629
7 9733
4 8339
3 9981
6 8954
5 103
8 5521
9 774
1 2245
0 2746
3 8622
4 9304
7 7609
9 3901
2 6500
6 9972
0 2918
3 9866
5 6511
8 1894
1 6721
3 3462
5 962
7 463
4 7448
8 5170
9 3226
2 2750
6 9874
7 3433
0 8511
4 81
9 794
2 8471
6 7341
8 9175
3 5918
7 1225
1 1656
5 6399
4 3813
5 8962
0 8808
9 5676
4 9432
8 6302
0 6760
6 7117
9 7147
2 6883
4 9085
4 6369
3 1175
7 2550
1 9389
5 4343
7 5842
4 738
8 7855
0 8806
3 3443
6 1033
1 6321
5 2211
9 1280
7 1691
2 7872
4 3804
8 4141
6 9470
0 152
6 5317
3 3930
0 763
1 9722
5 1311
9 4879
7 3221
0 4710
2 3761
3 4565
1 4810
2 9065
4 6217
8 8393
1 2105
4 521
2 9558
5 4635
5 7616
8 1526
1 1742
6 7012
4 7026
4 3737
7 6268
9 8891
2 2852
0 8343
7 7803
8 1695
3 6979
1 7888
2 541
5 2355
4 3442
9 3139
0 5137
1 8212
5 4204
6 5068
7 4890
6 1256
7 5011
3 6704
7 236
8 6973
4 9600
6 8731
2 7606
4 4707
9 6648
6 5225
7 6019
3 6965
8 8706
0 3266
9 4605
1 1698
5 9713
4 9454
4 9196
2 1503
3 7559
4 1220
6 9291
8 9808
2 748
0 5197
9 8946
7 2053
9 9112
1 5983
3 9716
9 6315
4 1118
1 1079
3 7693
9 5444
5 8048
6 5199
3 7060
6 5933
8 310
9 5115
5 8460
2 823
6 1896
8 8415
4 201
0 3036
5 853
7 4371
1 6439
6 232
0 3694
4 493
3 9445
8 9538
7 9060
5 4613
9 6669
1 6213
5 2365
2 5299
9 9490
1 1729
0 2206
6 5039
3 2129
4 3380
8 5541
7 1890
5 2341
2 5903
4 5293
9 4459
8 9718
1 1975
0 3717
7 8989
1 1409
5 9310
6 1817
2 5844
0 4038
4 3165
3 9254
9 4590
7 7287
3 4119
8 2112
5 6949
8 9426
2 2352
0 8468
4 2941
5 382
1 1245
6 3193
7 2675
9 2045
7 7656
8 4096
2 5286
9 4202
3 6465
7 2342
8 8046
7 6050
0 3983
3 8304
9 3395
2 6948
3 9875
7 9942
8 956
0 7083
4 8890
5 1429
2 3111
1 7325
6 5352
9 5431
5 6584
0 411
3 4624
7 4912
4 2542
8 5511
8 6663
6 6710
8 4546
1 6846
2 3454
8 5439
9 9572
1 6487
5 2066
2 918
3 8455
8 4507
9 5763
0 9781
4 4
1 3037
7 6856
5 1452
2 8161
6 6932
3 8666
8 9123
9 4876
3 9633
4 8254
9 7764
0 3391
3 4456
8 1092
1 3539
4 1195
8 2979
1 8457
7 6512
2 6328
4 4194
5 5273
9 6935
2 6700
1 1190
7 3551
1 5393
0 9243
5 2890
3 8963
6 5821
9 2233
2 8273
3 9530
7 431
9 9899
1 8452
6 7319
8 273
0 5128
5 3590
2 1491
2 968
3 1210
4 6147
4 39
9 9439
7 994
4 586
6 7157
1 3416
8 1795
9 6558
2 4444
9 7923
0 4335
3 5798
5 1088
0 2410
1 2468
5 6598
6 3208
7 3626
0 2695
8 5241
4 8117
2 5550
4 2633
9 4771
4 3702
9 5611
9 8990
2 8827
3 7858
4 3913
5 9173
1 407
1 1424
6 847
3 4973
7 975
9 3472
2 965
4 5204
0 135
5 8940
4 2760
8 8776
6 9322
2 977
1 1471
3 2224
2 5780
8 1185
7 3480
9 514
0 2884
4 5963
6 1479
5 9137
6 4560
2 6977
7 7538
3 2144
5 3010
9 8726
1 2004
6 7793
2 3042
4 7524
9 6992
8 3124
0 2378
2 6326
6 3075
9 3695
2 7751
7 2187
0 842
5 6884
3 7596
7 9800
1 2348
4 1800
3 5493
5 6682
8 1406
1 2013
6 6956
9 8602
4 5970
8 695
2 3170
0 7566
3 7687
3 8934
5 8061
7 5944
7 759
8 2011
9 1290
1 3097
4 6504
6 3385
0 7423
2 702
1 730
3 6128
5 2798
9 8741
3 9753
7 4079
8 8111
2 2639
0 3024
6 1721
0 8160
4 1853
1 3494
0 2257
9 8340
4 7401
3 8745
7 832
5 9328
8 4587
1 9515
8 6296
1 4864
2 6886
0 7130
8 725
0 4591
9 2078
4 437
1 1601
6 556
0 8755
2 5692
4 7618
7 7655
3 7853
4 532
8 1891
5 8095
9 9694
1 7791
2 6896
5 7753
6 4951
0 3732
9 1960
1 217
3 4249
7 8103
4 3122
8 4463
4 4529
6 1996
8 1961
2 4130
4 9525
5 5406
0 7942
9 6079
8 4345
6 3054
8 6638
1 6427
8 5666
1 7362
3 1845
2 7529
6 9755
7 6346
8 7132
3 42
1 3919
4 4185
6 8996
6 6952
2 9964
5 1520
7 4420
0 7435
3 9055
2 7516
7 5175
8 5972
9 9461
1 6647
5 9019
4 7505
2 5247
2 8538
6 6097
1 1353
3 7138
5 2443
0 424
1 6626
3 4809
7 6402
3 2258
4 8532
8 6562
9 3618
7 8576
9 6974
0 2067
5 2455
4 4793
3 7822
7 906
8 2283
0 8301
1 3524
2 7485
4 3179
3 9814
5 6962
6 4388
9 2244
2 5474
1 4319
7 3875
8 5074
0 8667
3 8125
6 3535
4 4443
5 171
7 5390
8 7260
8 7320
0 599
2 4029
9 9201
1 23
3 2356
6 7792
2 9435
4 315
9 5987
1 5861
5 7857
4 9704
7 106
9 608
3 4862
1 898
4 3722
5 4567
6 7232
8 9471
7 2466
0 2621
2 6372
7 6184
0 4057
1 2944
9 4991
2 3287
3 9377
6 4037
5 5114
7 659
0 3806
9 390
4 90
8 8823
2 7346
1 8076
6 8287
5 479
7 4658
9 1072
3 6461
7 7148
8 9315
9 7396
2 2558
3 530
0 4482
4 919
7 9539
6 7560
8 4692
1 7471
9 6012
7 7173
5 9945
2 9094
3 8224
6 4009
8 5988
1 7015
8 1249
0 8314
1 9444
4 5019
4 9026
9 2354
7 6866
8 2997
5 6360
8 1952
8 4287
0 1540
2 2453
1 9456
3 8927
6 5312
4 4701
0 6297
7 1011
9 9468
2 8965
6 6425
2 8100
1 8790
4 5143
3 6573
5 4183
1 8190
8 5360
9 5323
0 5925
1 1234
6 1965
7 5171
3 2335
2 5975
5 5088
0 795
4 592
1 1801
4 1147
8 5828
1 8517
4 2456
9 8121
7 7441
8 869
3 3155
6 9104
1 4071
2 2751
3 3663
1 1587
1 3714
2 2431
1 8656
4 6232
5 5145
9 3780
9 5609
5 8436
9 4996
0 7827
4 1993
5 2232
9 2377
3 8390
4 9204
0 1140
5 1230
4 552
7 1684
8 5290
1 1580
2 8315
3 9212
9 137
6 1627
8 2923
2 6613
7 227
4 4004
0 778
5 6209
6 954
9 6299
7 1846
8 6174
1 3754
2 8109
3 4597
1 6077
2 6388
1 6449
4 1049
2 7087
3 6809
9 6580
0 2572
5 3601
6 4736
3 7243
1 5223
4 1146
2 7304
8 356
7 9505
0 7180
9 1237
3 2548
6 8757
9 4215
4 1413
5 4947
3 5104
6 6522
9 3065
1 4413
9 2246
1 6443
8 2231
2 4085
4 1762
7 4367
0 6028
5 6120
3 6429
7 8364
8 7327
4 8611
2 709
6 8102
0 2964
7 7978
5 2950
8 2451
9 2665
1 9034
3 5172
3 6639
4 7219
2 2100
4 9991
0 5442
7 9334
3 9428
4 7298
6 3233
2 256
7 178
8 8497
9 274
5 6298
0 3199
1 166
3 8151
6 5507
4 8947
7 2203
7 5632
8 1484
2 9099
7 2943
8 9750
0 3932
5 9889
8 1457
2 4320
9 1138
1 606
6 2662
3 6677
7 2324
3 4172
7 1419
9 6016
0 7835
4 7066
7 5981
8 3889
5 4084
2 5113
6 6310
1 4549
3 4030
5 7541
8 803
9 845
2 3230
0 3468
4 5845
2 7927
7 9696
0 1021
6 1152
3 5940
1 4098
4 7621
0 4572
8 1905
9 4514
5 4696
2 6713
7 9586
6 4268
8 9996
3 6065
1 8968
9 140
5 6009
9 6793
4 8191
0 255
2 8473
5 8742
7 9489
9 1788
0 5779
4 6819
4 1243
6 5338
8 7424
4 595
8 8440
2 9294
3 6702
5 5752
6 4252
1 4000
4 9566
7 3648
8 8614
5 1779
9 9048
2 6109
3 1366
1 4208
0 7730
5 5269
8 8173
6 4024
5 2584
6 8028
8 1422
4 4500
5 6176
7 7416
2 9901
8 5592
6 596
3 9469
7 6410
7 7794
1 37
7 9507
4 3624
5 9012
9 6182
2 9198
5 3621
0 4220
6 5162
8 9769
6 5634
8 2496
3 6717
1 1657
9 3547
7 8490
6 7679
1 6829
4 6998
8 8164
2 8617
3 9577
5 9496
0 7036
0 1123
1 2442
8 5748
9 5278
2 1815
8 349
7 410
6 7554
3 6212
3 1643
9 8288
4 2651
4 1668
2 8505
5 4797
8 9709
4 8091
5 2147
2 1658
6 1921
0 7039
7 3699
5 230
1 9149
2 948
4 7277
3 9411
6 3038
9 447
0 584
7 3827
0 9021
8 3142
5 8887
8 415
5 9009
1 1888
2 7073
1 3793
9 2615
4 6826
6 987
1 9087
3 8219
7 4603
0 6758
8 1068
1 107
5 8280
7 1051
0 8418
1 2133
2 471
3 7279
7 1490
8 9892
0 2176
9 8027
4 5517
6 1942
1 4510
2 9331
3 728
5 4755
0 1328
7 3363
8 8849
2 3942
3 3646
0 3091
5 9139
4 2962
9 1558
6 5703
7 6172
8 4505
5 7205
1 1177
2 5979
4 764
0 1285
3 7055
3 9702
3 2374
9 4787
7 6622
9 640
3 5031
8 3321
7 5409
1 714
5 1262
9 2921
6 3304
3 4127
7 1963
8 8750
1 7830
2 389
4 3572
5 5682
0 9961
9 2897
0 3214
3 5710
6 9292
9 5832
0 1129
7 4653
7 5677
2 7981
3 4527
1 5938
2 9129
8 1489
3 1577
4 8284
6 7932
5 1100
6 8002
9 1847
3 3417
8 6339
0 7654
4 2669
5 2536
8 9474
6 5526
4 5576
3 3407
7 4816
0 7973
1 7866
2 833
7 2290
9 3645
6 9567
6 2708
0 2872
3 8859
1 4105
5 8911
0 5189
8 6166
1 6742
5 8003
4 8693
7 8952
2 346
3 6566
4 1618
5 7746
9 330
5 4739
6 9521
7 9837
0 8376
8 2116
9 905
1 8519
2 8488
6 3103
3 9119
5 826
1 9317
2 8123
7 1926
0 1664
4 2395
5 5334
1 9627
8 735
2 9944
7 4174
8 6556
0 6055
2 2230
7 2638
9 6231
3 8753
6 182
8 8075
4 9614
8 9693
5 8235
0 5571
4 1166
1 1294
8 2902
2 6335
5 4269
7 5986
0 1232
7 6150
9 3520
0 2333
4 684
3 6627
6 9508
7 7446
9 7845
1 6891
8 7663
1 2540
2 7934
0 511
5 1085
4 9542
3 9038
3 1504
6 7594
8 2372
7 6309
6 1206
1 3265
2 1164
0 8025
9 7636
6 5830
5 4263
1 8229
4 1015
9 277
0 7576
2 1803
6 4941
3 9159
5 7607
8 3413
7 5348
1 1995
4 9796
4 5315
6 7917
4 897
6 2752
9 291
2 1825
0 6963
4 8118
9 9790
2 5418
3 6144
5 2247
9 8242
8 6412
8 9994
1 7008
6 9744
7 9351
7 1281
6 9820
8 6364
7 5396
9 9380
0 7316
4 9182
2 425
3 6894
7 8837
1 6467
5 3617
2 6779
0 2228
4 2194
6 9626
8 3285
9 625
1 1158
2 9398
4 9891
0 2032
5 9724
0 5784
3 7306
0 6015
3 3636
5 1495
7 9213
8 4301
0 5540
6 7247
5 7565
3 3974
7 1075
9 1428
1 1624
8 1137
0 7305
4 6633
2 1030
3 6728
5 2189
3 7274
6 3961
5 4657
3 1716
5 9001
6 2215
8 1889
7 8626
1 1482
3 8071
5 9689
9 2516
0 9913
2 1035
4 9895
6 678
8 2375
9 5098
0 5090
3 2952
7 4735
1 4479
3 3832
5 4219
0 557
4 5256
2 3461
2 4835
7 4679
1 2948
2 2119
6 3881
8 7897
5 2912
9 6515
3 1182
0 9463
2 996
4 7515
6 6105
8 3293
4 2620
7 559
5 9177
6 7816
1 9376
3 1994
8 843
9 6200
8 3055
8 9080
0 96
4 1916
8 1511
0 8819
2 9723
7 4820
4 4243
5 6660
6 3424
8 4177
1 3261
3 8661
2 8097
0 6991
7 5782
4 3481
0 6338
7 7185
9 2681
0 5285
9 6088
5 3260
6 4323
8 2163
1 876
3 4870
0 162
2 4197
5 3108
0 5952
0 6788
4 2034
8 7581
7 1802
0 6861
3 2683
1 88
2 3448
9 8648
5 652
6 6044
3 3316
4 8777
8 5679
7 413
5 6033
6 6933
0 8138
0 355
1 743
9 7980
0 2603
2 2035
2 6786
8 9178
1 7697
3 3855
4 1982
7 391
9 7267
5 8798
9 5237
8 5476
9 7732
1 9211
0 3999
2 6052
6 1241
0 4751
6 5417
2 8470
4 9045
7 3556
4 7430
5 3926
6 7659
3 7983
6 6143
5 1382
4 6789
8 8969
0 958
9 7451
1 9082
2 3762
3 7813
7 91
5 5523
4 8857
8 6851
4 4992
5 1390
0 1213
8 1839
4 6692
1 1171
6 8719
2 2364
5 601
9 5595
2 3369
3 443
0 2582
5 8712
7 7672
9 8669
8 9868
2 2925
3 4634
0 2292
3 8683
2 2954
4 4640
6 2815
1 8090
5 8805
7 9462
0 8428
0 915
0 432
3 6129
9 8056
2 8169
8 4193
0 6643
4 6561
3 5849
9 8374
1 688
2 2385
6 4662
9 2790
8 66
5 5328
7 9897
0 4255
4 568
1 9103
2 672
6 2855
2 5118
3 2481
1 5429
6 5655
9 6980
2 8791
3 9096
6 2096
1 7916
8 9041
9 9637
5 4940
7 8070
9 6474
2 86
5 1679
0 2739
3 1959
5 320
6 4484
4 507
8 3698
0 3133
1 5117
3 1317
0 594
8 172
2 2871
9 8308
7 8618
3 4003
2 9424
9 2109
3 1922
7 4598
7 3569
0 4530
4 500
5 5570
6 3864
2 9239
4 1666
1 8711
8 5656
9 2158
5 6599
3 313
7 1588
7 9170
2 9989
0 250
1 6405
4 8964
7 9160
2 457
8 9253
0 1990
6 1529
8 6354
0 362
9 8464
5 7329
8 1944
0 935
1 9231
4 9909
9 1867
3 940
7 2773
3 3521
9 2618
7 6099
2 9224
0 85
8 1120
1 5542
4 1568
9 7982
2 5854
6 7095
7 142
1 6421
5 7280
0 1977
8 7802
6 5000
4 4557
9 9077
7 687
7 5889
9 2654
2 711
3 3802
7 8698
9 7629
1 6280
3 5583
2 4986
2 4612
5 3149
0 6347
7 5590
2 9216
8 8099
5 8811
6 8271
9 971
8 8955
4 5385
5 7418
5 5603
0 6163
7 4290
1 8180
8 9714
0 3317
4 1115
7 3137
2 8920
5 9391
3 104
4 3245
0 6800
6 5731
9 2892
2 2401
5 899
0 3412
7 5203
1 9420
8 925
7 7233
0 3812
1 8347
4 3484
3 2946
7 9843
8 9180
0 7283
1 5532
6 1939
8 9290
4 508
9 4961
2 1561
0 2859
5 852
1 7493
3 2560
6 4920
1 7125
7 8183
8 202
4 9345
9 9319
3 4767
2 8394
6 1087
0 8568
1 3668
5 4145
6 1556
7 8292
1 8433
5 7967
0 9364
8 9638
4 7469
6 2491
9 1029
6 4276
3 1174
4 2193
2 119
1 5837
5 2891
7 2196
9 379
9 805
6 2251
0 9443
9 4035
3 6969
4 7382
8 4568
6 2499
2 2565
1 4429
5 7939
0 3106
1 6953
7 503
9 4339
5 6795
3 5155
4 4292
8 7703
1 870
0 5387
7 6259
6 3019
7 3570
9 9919
1 8754
5 5815
0 5661
2 4548
3 2417
5 2856
4 7608
6 998
7 2167
9 3066
2 3607
8 3176
8 1117
1 2437
1 7907
4 9501
6 9347
0 3377
3 6810
7 3969
5 3879
4 3817
9 9918
1 7895
0 6876
3 3150
8 4493
2 2040
4 6978
9 9846
5 6127
6 8680
1 555
7 2726
2 6985
2 4153
2 9478
8 9736
0 7864
3 2844
3 6988
4 2955
2 279
8 2050
9 6640
5 9091
8 9361
0 6612
3 713
0 2146
4 1662
4 1646
0 4833
6 4957
8 1097
2 4675
5 829
9 5077
1 1337
7 5443
3 1633
6 5086
0 2684
4 2743
8 1459
9 3009
0 4737
8 2248
2 4058
8 5569
0 293
9 6794
0 7874
8 7615
1 7347
3 2444
5 2082
6 3691
7 8268
9 6658
8 8373
0 1269
4 6574
1 1499
6 9000
5 6482
6 917
3 222
5 9264
2 5380
3 7614
5 6535
3 8855
7 5316
9 8285
6 6436
2 7155
5 5786
7 3741
8 5976
0 6972
3 68
6 1404
1 6885
4 9987
2 4239
4 1739
9 8839
8 4709
7 3892
2 1872
4 4550
0 6214
9 9024
5 9152
5 4686
8 6452
1 9110
5 7889
3 6153
6 4732
7 4461
8 9824
2 9318
1 8035
2 4542
2 7583
5 3381
5 2494
2 5313
4 7044
6 9044
3 9813
0 2346
5 9692
9 7497
2 2792
4 920
7 5042
6 223
6 6879
8 8296
3 5326
0 6418
5 6915
1 5349
9 4656
4 9983
2 1096
1 9660
7 546
9 6023
2 9136
1 1372
6 3642
4 6559
7 8031
8 1712
3 4929
1 888
6 5999
0 3874
5 6947
5 8629
8 7164
9 8489
2 750
3 7235
3 5882
8 2012
5 7021
9 6496
2 5797
4 9284
7 3647
9 2905
0 9591
2 1180
4 1043
5 2544
4 5883
5 1569
1 4504
4 8858
6 6495
7 9565
0 2866
9 4099
3 3644
2 7090
8 5789
3 1141
2 7109
5 8550
7 1937
2 5685
6 7630
7 4577
1 9862
4 5013
3 6108
4 6433
8 338
3 1350
9 6888
0 880
5 2876
8 3397
9 2383
1 7646
5 1338
9 8321
2 5958
6 6384
7 27
4 3857
6 1080
3 3738
0 4347
4 7092
8 986
8 2863
5 8640
3 3151
6 2600
9 9849
0 1710
1 3639
5 1354
2 3526
4 6548
3 1263
7 2339
8 9592
9 5908
9 2463
5 5424
2 6830
9 2691
4 1972
6 9367
5 3319
3 4151
5 4706
0 506
1 8982
3 2660
7 5281
2 4386
8 9957
9 553
3 2414
6 3006
4 3282
7 8886
2 456
7 4355
8 2191
2 6592
5 7796
7 1001
8 8780
0 5062
9 9219
1 9879
2 4297
3 5271
1 1929
2 8623
6 1258
5 2412
8 7078
7 7859
4 2741
4 2433
3 4205
9 7865
0 3020
1 731
2 4823
3 6008
6 2796
5 9186
7 5496
8 5792
8 8481
9 4923
8 9850
0 4470
4 9014
9 825
1 4013
0 9880
8 7112
2 665
2 6244
4 4383
3 8063
9 5470
6 883
1 319
2 15
5 305
7 4558
4 3011
9 9886
3 7171
4 9597
9 7499
0 5126
3 2157
4 6853
6 4245
9 9856
8 7029
6 6122
1 3784
9 2737
0 5795
2 4822
5 7925
6 6112
3 331
9 1603
1 1605
2 1637
3 8250
7 5027
9 7708
4 6609
1 7974
8 9697
5 412
6 3783
7 8998
9 1028
0 1625
6 2961
1 8439
4 7337
7 1911
8 190
9 5343
0 9925
6 4476
5 9877
2 9339
3 5303
4 5733
5 9482
6 3286
2 7354
7 4639
3 821
4 1062
5 3501
6 2471
8 2579
7 910
1 2016
2 5954
8 9777
6 8843
5 6170
9 3854
1 402
2 1047
3 699
4 8370
0 2030
7 7145
5 1110
9 4341
6 739
8 1277
8 7993
3 2403
8 6183
1 8782
2 8381
3 1022
0 8785
4 4680
5 9314
8 5167
1 1069
7 5251
2 4611
9 1472
6 168
8 3834
3 9589
7 314
1 6493
1 8323
0 3960
2 2805
9 3850
2 1532
0 3700
0 9826
0 1448
4 4063
6 6192
9 7496
5 6239
8 211
2 3947
7 5598
3 4776
0 9187
4 9552
5 1748
1 4200
4 7368
8 8020
9 6516
2 3248
6 2942
7 4720
3 6893
4 1253
4 158
0 3564
9 9283
2 5365
4 5129
6 1301
7 4162
6 8689
5 8893
1 980
3 8466
5 4984
8 7921
4 2155
8 7303
0 4868
9 110
4 6990
2 4897
6 8179
7 5945
0 9514
1 3649
1 8564
5 1828
1 7192
3 6398
4 5368
2 8828
5 6276
6 809
7 2161
7 6902
3 303
6 7352
8 6416
1 6357
1 181
9 1060
0 3127
4 1348
6 309
8 2058
0 9999
1 4834
2 4543
9 8087
6 2464
5 1134
7 4765
4 6843
4 9492
3 2607
0 8877
8 1816
1 2808
2 7789
9 2262
0 1481
8 5505
1 16
2 3117
7 6899
8 1830
6 4815
5 4819
8 9265
6 6117
7 1464
4 6040
3 6723
7 1706
9 1715
8 2867
6 2663
0 8122
4 3669
0 3212
1 1265
4 1854
7 3360
9 9894
3 8246
2 1915
8 3613
2 4212
1 1850
4 8204
5 2709
6 1480
8 5755
3 6066
0 5865
3 8651
8 5412
9 8476
7 4167
6 2692
7 1841
3 2296
8 9388
1 3457
9 8824
0 4475
2 4468
5 5695
4 3908
7 4391
9 4674
3 6342
5 681
6 4464
8 3470
0 816
1 3191
4 3771
7 9513
8 2279
2 3773
0 1053
9 5176
3 5965
5 4378
1 1863
4 7458
6 9903
7 863
8 94
0 8066
2 9625
9 873
0 1421
1 928
5 1104
3 6957
4 9817
6 9727
4 4395
8 3311
4 8453
2 6546
7 8311
8 765
1 5509
5 3962
2 6688
8 976
7 7364
0 97
8 9986
9 4128
1 7439
6 3119
0 7239
8 102
3 5394
1 2898
1 8543
4 1387
0 7742
5 5618
2 9816
0 9250
8 8293
3 8068
7 1223
8 902
9 3923
4 1555
6 1575
4 6031
1 9746
6 1914
7 4807
5 974
2 8781
9 4277
8 5555
1 4758
0 2629
3 2104
5 6927
4 2278
4 3975
9 712
6 2649
4 756
7 9663
8 4649
9 5831
1 5073
1 9757
2 7004
6 3315
1 2408
2 6130
4 8265
7 2787
8 9341
0 7115
1 2869
3 8691
4 9588
9 3169
4 8174
5 2830
9 9939
4 3767
5 8583
7 3274
8 4575
6 1445
0 4836
2 4360
1 603
9 4703
0 6877
1 8044
3 2493
2 1874
1 3314
9 5723
0 3566
4 1763
5 2834
7 5191
8 9330
1 3154
3 3022
7 6165
2 4845
9 7572
6 5577
4 2677
7 7268
5 5483
9 9165
0 5544
3 1470
6 6481
8 1757
0 6761
4 9564
1 932
5 7508
2 2906
4 4120
7 7030
8 2727
6 3089
9 6996
9 6413
0 7534
3 1077
9 5543
5 8319
3 3895
5 7114
1 9161
2 8209
3 4865
7 5650
8 1722
4 5834
4 6282
1 2756
6 1527
5 248
7 5267
2 2611
0 3667
3 6257
8 1287
3 2205
9 5384
1 2914
4 3882
5 9476
3 6808
6 667
4 7445
1 9884
2 2422
5 983
7 5173
5 3598
8 1912
3 5605
0 4213
3 686
5 4827
4 8944
6 3346
1 572
2 5556
3 9241
5 2142
9 6521
7 6726
4 6749
5 9183
8 1048
9 285
7 9512
0 1985
1 874
6 3465
3 3653
8 2839
9 8875
8 4536
2 7819
8 600
2 724
7 9172
4 6534
6 3439
0 9510
5 1121
1 7404
4 5376
4 7769
6 3989
0 8371
5 9050
6 1374
3 5824
5 7241
0 1923
9 517
3 1416
6 9369
5 1002
6 2744
3 6848
9 6188
1 6154
8 5822
6 7003
7 7585
0 9115
2 3886
1 8326
5 9102
4 1903
2 3602
1 8335
0 9061
5 2931
9 4389
7 2222
6 3756
8 9379
4 2917
1 3852
0 1840
2 6035
9 2033
3 1868
5 4924
8 1998
4 9782
7 3342
1 6061
6 2674
7 8148
1 9763
6 8881
7 1907
0 8591
2 6555
5 1791
9 7286
0 3058
3 290
9 8983
1 4564
2 706
3 7116
5 6242
9 1974
6 6414
8 6857
3 6054
7 9807
4 9732
2 7181
8 3353
9 3527
6 5354
0 818
7 3078
1 6173
3 6074
5 6880
7 7598
4 1261
3 7049
2 9154
5 6623
7 2405
8 3025
0 5796
9 5767
6 590
0 3578
4 1899
9 188
1 7881
6 2781
3 6278
2 3113
5 8518
0 4274
2 1227
5 3216
7 3820
4 8192
2 8842
8 8829
9 5698
5 1334
5 2376
7 9735
9 7459
1 934
5 3213
3 1244
6 2469
4 5673
1 9030
5 5689
2 953
1 8251
0 2934
3 1571
8 6892
2 4266
7 7762
6 2987
6 3744
9 2358
9 9629
0 3182
4 6271
3 4403
4 409
8 720
5 7262
3 325
1 8606
2 4155
2 2624
7 4077
4 2025
8 9441
6 6690
5 6773
6 5095
3 17
5 3426
7 8239
9 7631
0 2666
5 4207
9 4654
3 329
4 7487
7 2673
1 1300
3 2512
1 8678
8 170
0 2470
9 1441
2 3633
5 6805
6 2127
5 2072
7 9976
8 5052
2 2200
5 6919
4 9935
1 887
3 8897
6 9931
0 8054
9 317
5 5624
8 8900
7 1461
1 6134
1 7519
2 9440
4 9885
0 2597
1 6922
2 1917
3 7959
6 2370
5 2783
8 4964
8 1148
9 9228
7 9993
8 2608
4 7587
4 7738
8 7951
0 332
1 3383
9 1895
3 4379
2 7140
1 7862
6 4806
7 4055
3 554
9 2546
3 9635
5 8885
3 8081
8 1356
4 7244
0 8981
9 2988
8 6699
7 2539
5 8751
2 5043
8 6750
1 593
4 5878
7 5181
9 6194
0 6764
6 6311
3 284
8 6026
1 1703
8 8024
7 1833
0 1610
5 1809
2 535
9 5867
4 8902
6 4451
5 8593
0 7273
3 7476
2 8901
5 1864
8 768
9 62
1 2688
5 6652
7 967
4 9760
4 2817
8 2338
6 2440
6 7480
9 2772
0 7432
1 6208
7 4811
3 1745
5 2982
6 2420
2 5154
9 1384
0 5816
9 8399
4 1242
7 3298
8 1431
8 8115
0 9485
8 6906
9 7297
3 2002
5 1477
1 3198
4 7575
5 2492
3 3021
7 4060
2 3352
6 7761
1 1806
4 8279
0 1362
8 3002
9 8446
0 5108
7 2697
9 5450
1 7558
6 3687
7 571
2 2568
4 6069
5 7882
3 9083
8 6687
6 5262
0 5686
9 6684
1 1759
7 6872
3 6938
1 1483
7 108
7 1659
2 6528
4 1711
6 7867
5 218
2 857
7 8469
0 9332
8 2690
4 8762
6 4154
9 671
2 7324
5 1283
2 4241
1 1335
3 867
7 7977
0 8501
8 2668
4 7344
7 1297
6 8546
8 3160
9 1892
8 343
8 2172
2 856
5 4214
1 3503
7 2735
3 2778
4 3869
5 2535
6 6825
2 6611
6 1205
5 693
0 3320
1 8547
6 6536
9 8494
5 3210
4 785
5 6696
0 1203
2 4926
4 7509
2 2169
8 4487
6 1838
8 3977
6 3129
1 5116
3 8589
9 3842
7 8328
0 8402
8 2549
1 830
6 3029
2 9299
4 6085
3 5125
5 9923
9 4515
0 2645
1 2689
1 141
6 9659
8 7518
4 5718
7 1767
1 6740
8 3731
6 4278
5 7151
2 8462
3 4623
1 6503
4 6100
7 2269
2 8797
9 7691
4 8412
8 6762
6 1192
5 7750
0 6731
8 9229
3 4790
1 2181
3 6062
5 8586
7 8943
9 4754
2 4186
4 1904
2 3776
3 6196
4 9703
6 3159
2 7461
5 1435
0 1433
8 5929
3 2110
7 5548
9 6263
7 8069
1 3678
4 7088
1 926
4 1236
7 6755
9 6784
5 2656
9 5110
7 668
0 245
5 3262
1 9585
4 5746
6 7714
7 6104
2 3123
8 6444
3 5684
1 5563
8 7256
3 8575
4 5020
6 5186
9 2894
1 9754
8 732
5 2300
0 8325
0 9486
4 3173
6 3858
7 513
0 371
2 6223
9 6428
9 2204
3 1247
4 5739
1 5762
3 3059
6 811
6 8884
8 737
7 7158
5 2515
6 1694
0 3161
3 7892
2 9871
9 4247
6 1089
3 3361
4 6355
8 2786
7 3291
1 2698
5 4953
0 5061
2 6126
3 2840
0 7694
4 1674
9 5610
7 2865
9 3634
2 9616
8 6604
3 3620
3 7045
8 7685
0 675
6 2117
1 2706
3 8214
4 2010
0 4745
5 4938
0 588
7 7452
1 2123
2 4028
9 5663
3 7899
4 6075
5 7265
8 5880
1 6215
6 4195
4 3203
7 7940
0 3513
2 9484
5 8600
9 1109
3 8049
0 3370
1 8834
8 149
0 1037
8 4411
1 6596
2 9062
6 205
2 3168
4 4853
9 2192
7 7976
0 8477
3 3893
2 1009
9 7938
7 240
5 8630
6 6878
0 8149
4 1498
8 8193
1 6228
1 7528
8 9053
3 6989
5 674
2 6390
9 8351
1 3044
6 9356
7 8941
3 6526
0 8654
3 2213
4 7922
5 1446
0 5530
2 6850
3 7080
5 1940
9 9917
0 9834
1 3750
2 5847
4 6741
8 6497
4 9473
6 8551
7 5157
7 6525
3 5860
0 8729
2 1642
1 6513
5 5641
9 1302
1 302
2 111
4 2811
6 2593
8 2197
1 5383
2 9671
4 2676
6 3466
3 8019
0 673
7 2724
9 2483
5 1393
7 3870
1 7635
8 6432
1 1805
2 3004
1 6478
4 622
8 7741
2 7502
3 8342
6 8506
0 5228
0 2360
8 4608
1 9809
4 8141
7 7920
0 9749
2 3577
9 7964
3 3595
2 7042
5 9549
1 4886
8 4410
9 9105
6 2367
4 9520
7 4556
2 5426
0 2599
9 6167
8 8199
6 3305
3 3701
9 2693
8 5008
4 990
5 6553
1 9010
6 7259
7 1950
3 3912
7 6835
2 2130
0 602
9 6048
3 9973
8 9526
5 3032
4 8883
4 1376
7 8037
1 5534
2 3575
7 5100
0 5084
6 5645
9 7647
1 6090
8 1466
2 8795
8 3351
3 8713
8 2835
5 495
7 9965
3 5648
4 7005
0 9519
8 4828
7 5871
5 7683
7 5872
6 6138
9 1949
3 9666
5 3808
4 8502
0 2332
1 1468
0 2883
2 7950
7 4437
6 4641
3 3388
9 192
8 839
2 8437
8 5103
2 2841
5 5758
7 6537
2 5274
8 7929
3 3012
6 5932
2 3993
4 1342
9 3256
1 3082
0 3323
5 6470
3 5652
6 7919
7 8770
0 2434
5 2435
3 9900
5 6807
4 7010
8 4772
3 7336
6 6123
7 7031
0 2180
9 6993
9 4295
0 8114
2 9609
3 5245
5 4970
6 3574
1 3237
4 963
8 9249
7 7340
6 2968
0 9971
4 1692
2 2848
6 9773
9 5382
3 4015
5 2479
8 5528
7 2774
1 6389
7 8047
9 1308
3 2134
5 4840
4 9464
0 8166
2 7348
6 6538
8 2202
4 6732
8 854
2 4791
7 6864
0 5091
8 5419
1 8752
8 9706
1 1240
6 7891
9 4056
6 1909
9 8520
3 7555
5 2537
6 8566
4 632
3 4561
3 6292
8 4397
6 6092
2 4843
6 8957
7 8327
0 9130
7 6912
8 6191
9 5919
1 2179
5 4581
4 5566
9 8059
8 1560
3 9668
7 8398
3 1405
1 1528
3 5151
5 6370
6 1593
2 1736
3 1126
5 1734
9 3615
1 3347
0 663
1 1358
0 8728
1 2641
8 2154
4 3718
6 2103
1 156
7 8937
0 4104
2 827
8 2819
3 8685
5 8377
0 5461
5 1496
4 30
4 9207
5 7046
2 1098
6 477
9 2915
2 9818
5 9865
1 359
8 1525
7 7284
1 5561
3 6119
3 4322
8 4697
0 8040
4 8662
8 9779
0 3845
6 6986
7 4764
9 5353
2 92
9 4508
4 9764
5 2075
4 9653
8 372
1 276
5 2956
0 490
3 6961
6 6619
8 3115
4 7666
1 2814
8 4670
7 6053
8 14
1 900
4 6798
2 5637
9 3367
8 8187
5 8345
7 9617
0 6476
0 83
0 6656
2 9878
4 6447
3 9938
1 2971
4 2732
3 2097
9 6855
1 1753
5 4190
8 5961
6 6206
4 2712
7 5006
6 8282
8 2661
0 2864
8 2567
2 5037
0 5187
8 8539
9 8023
1 7569
7 9574
5 4458
3 4817
2 1897
3 3967
4 9354
0 5804
8 6064
2 2742
9 3485
3 196
6 4691
4 8549
1 2143
4 1116
7 1810
0 5377
5 3471
2 2900
4 7190
7 1730
8 8330
1 3549
1 2984
9 8570
1 2484
0 46
9 8701
0 4629
3 6471
5 3196
1 3742
3 7903
6 2343
2 6249
9 1198
1 9561
4 3343
0 2998
7 787
8 3163
5 2390
6 3954
2 7595
3 4173
6 6624
0 2604
4 3637
7 7385
0 6715
2 5182
1 4616
3 9728
7 7172
9 1653
0 6865
5 8645
8 1183
5 1451
6 8001
1 8277
6 4887
1 9685
0 4871
4 9947
2 2716
4 1292
0 6777
8 6140
3 8450
7 979
1 1221
4 1920
6 9305
8 9719
9 9767
6 2670
5 4164
3 6814
2 1196
2 3933
7 3550
0 9358
1 946
2 4943
4 6181
9 7406
8 5263
6 3045
5 4848
4 6911
9 2495
3 5709
8 8655
5 7149
6 9982
7 460
0 682
1 2519
4 1378
8 1563
9 7941
3 3863
2 8616
3 5720
5 1154
2 5158
3 8368
5 6155
7 4358
6 3972
0 7953
2 4601
3 8814
5 9359
1 4750
5 8409
4 6916
8 58
9 6045
3 8403
2 3410
4 9959
7 642
8 8994
0 9329
6 4589
2 2889
1 5371
5 1650
6 2951
9 3429
2 5901
3 6169
9 1919
2 9815
4 662
7 1948
8 327
9 1352
1 8936
0 5407
5 239
2 487
5 4948
2 5361
5 3580
6 7074
2 7126
4 71
7 533
8 114
3 5894
5 7322
9 9427
5 4566
3 1111
0 9493
1 4958
6 4716
3 7373
4 404
2 791
8 5765
7 6551
6 7363
9 8672
5 6323
8 2598
0 3473
1 7787
9 7808
2 6815
2 2051
3 9256
2 2827
3 8247
4 7162
6 3345
8 4250
7 9535
2 9430
3 52
4 1359
5 2430
8 969
6 312
7 3798
0 6265
1 7759
2 4580
3 1553
4 9081
4 1559
5 1946
9 6661
1 8709
3 2391
6 3478
9 6098
8 1871
1 6994
7 8608
3 2903
0 9325
9 4093
6 8306
7 2843
1 441
8 7590
2 2498
5 729
4 6552
3 4690
4 200
9 2138
0 3770
3 7798
4 4652
6 6847
1 7744
9 6177
7 5478
2 2396
6 423
0 5664
8 3803
3 9975
5 4080
9 1870
4 5058
6 1105
0 3167
0 7014
8 4513
1 1699
0 7797
3 5580
8 5616
7 5026
1 2806
5 3654
2 2502
9 2047
0 2765
3 482
5 4373
8 5448
1 8674
9 235
2 6237
4 3987
7 7403
6 9619
3 9658
6 8871
7 9968
3 8129
5 4109
6 6043
8 1293
1 4740
0 2879
3 5899
5 7623
7 8860
2 2397
8 6820
6 912
0 3088
6 9086
9 4734
1 7342
4 8420
1 4495
3 7790
3 9887
1 1254
5 7249
1 4196
3 5892
7 7843
2 2054
5 2288
8 3046
3 7861
9 9018
0 749
6 8590
1 2610
4 7011
5 4103
5 1391
7 5628
2 5557
7 3573
2 2592
0 2625
8 93
9 9179
7 1286
3 7357
1 4881
2 1660
0 8236
1 1616
2 5314
6 7309
0 5646
8 8723
9 5405
4 6983
9 2612
4 9921
1 3118
5 3247
9 7229
2 9042
6 4022
1 3752
3 4588
7 6348
9 3909
0 4416
8 6469
9 7551
6 3514
2 5040
3 1773
8 2441
1 2428
6 9404
4 2234
7 6453
5 6635
8 9206
0 2771
9 2379
2 9933
7 8218
7 5498
6 8105
7 7605
1 4859
3 2057
8 5364
7 5148
4 4265
5 3204
8 1389
2 44
8 2933
0 2359
2 3703
7 5631
8 6995
4 7019
9 1623
0 3680
2 8818
6 9209
5 5627
8 6862
1 8480
3 1953
0 5672
1 438
6 3684
2 7136
5 6464
7 6642
8 2225
4 8262
9 476
2 3848
3 9958
1 8150
0 4883
6 615
7 1197
4 9620
5 3284
3 2185
1 2465
3 7628
8 5150
9 8157
2 2703
1 7419
7 660
6 1122
0 2008
0 2991
4 8733
8 3144
3 6078
8 7712
9 3599
5 6091
2 4849
4 6034
9 6712
3 8597
8 5995
1 1521
2 2149
7 5131
9 7100
6 5192
5 2071
4 430
3 1943
1 7902
0 2175
8 6981
1 1984
9 6236
2 6587
0 1781
5 2017
8 8761
7 9237
1 133
6 8425
4 8767
0 4681
8 1259
2 1427
9 7230
3 2630
6 8170
3 5582
5 7203
4 9867
8 1819
1 263
7 1064
2 3476
0 7053
4 6435
8 8658
9 2845
1 7869
7 368
8 2362
6 4020
9 5956
3 6067
5 6766
7 3592
2 9833
6 505
0 6463
9 4337
4 3734
6 1777
9 8217
4 6747
1 5400
3 4722
5 5936
6 167
8 5896
8 6446
9 9928
7 7275
2 6233
4 1125
1 780
8 4188
9 1054
3 6373
0 7234
7 8233
1 4936
2 3396
8 9631
6 4553
4 2571
5 4426
0 1107
3 3876
9 4693
0 7633
1 4417
7 5614
9 6791
0 267
8 3880
2 9647
5 9336
1 1797
4 5931
6 587
9 4774
9 2523
1 4428
3 7367
6 6695
0 9148
1 7139
8 4516
9 4700
3 4431
7 1514
2 5045
3 1257
6 1370
2 5206
7 1377
5 3178
0 4094
1 7749
8 4759
4 395
7 5827
7 4005
4 132
9 1554
6 5003
3 964
7 4131
2 6898
3 8234
7 4026
0 3096
5 387
6 3614
1 6930
8 7393
7 1714
4 3140
0 3072
5 3883
9 9699
0 3915
2 1026
3 8495
6 4472
5 3931
9 9107
1 1607
1 881
0 2326
1 1936
2 9068
3 5069
0 2299
6 8707
6 7601
8 9127
6 474
5 9511
7 2201
9 6774
2 4206
4 5398
3 9113
0 694
7 3697
1 1135
2 2935
2 3409
8 7954
2 5481
4 340
6 3200
3 1947
0 1019
2 9199
5 7530
7 6322
9 8478
7 3263
1 9311
9 3228
4 8211
6 1551
0 204
3 8856
7 7186
8 4480
9 6051
2 5301
9 5730
2 1204
5 3356
9 7671
6 6081
4 4101
4 813
2 776
5 5783
1 9006
7 1999
9 4762
0 6375
3 6703
4 3223
8 2911
2 7972
6 2028
6 9864
7 6243
9 2601
3 1114
7 8309
4 7602
9 5207
1 1375
5 9725
8 5597
2 3183
0 858
3 6042
2 5178
7 3253
6 8184
2 5659
0 7586
3 3148
4 3309
1 7563
5 9405
9 7058
7 4047
3 8249
0 1793
8 9394
6 131
4 6802
2 9805
9 6618
7 4813
7 7556
9 7773
5 9134
7 4434
1 6845
6 5696
8 961
9 7937
9 9475
0 4065
3 2311
4 5601
9 7128
3 6706
6 7473
1 4913
7 1045
0 3307
2 6817
5 851
8 3330
1 3364
3 9245
4 1756
8 1415
9 6530
0 6505
6 3959
7 3973
0 631
2 8764
7 6824
5 7184
3 1992
8 5272
2 8389
9 6110
5 4851
7 73
6 1513
1 1108
4 2021
1 7537
7 1594
3 988
0 5875
6 3000
4 4089
8 159
3 5851
2 5747
6 6881
4 5050
7 1956
1 1798
9 3060
0 5862
5 354
8 6437
5 6047
3 1143
5 3084
2 9046
3 294
7 5411
4 6403
6 9004
5 8359
1 812
2 8220
1 4159
0 7736
1 3090
9 2056
2 8560
3 907
0 614
7 6455
9 3587
1 8263
8 2967
3 8895
4 7453
6 7591
2 6366
0 8913
5 7612
9 9500
9 9676
7 6393
1 5630
7 1967
8 1652
1 9775
3 8181
2 9863
4 7549
5 5778
0 5700
6 4023
7 2363
8 4191
6 3594
0 5737
1 6457
3 6222
2 8050
4 1420
7 4713
7 683
8 6910
9 2218
6 5690
5 1924
7 6564
0 9662
1 5910
8 278
9 2236
6 817
8 1200
9 5693
3 676
5 2069
8 6220
2 8375
4 1229
7 462
0 8006
2 3965
3 806
5 8382
8 1761
9 7133
1 7434
0 8708
6 8401
1 6950
9 4905
7 6576
0 6964
4 5130
9 3275
2 4538
3 1
5 8716
8 747
0 2722
6 3027
7 8108
4 7854
5 7780
3 5302
9 959
8 2424
1 5766
2 9452
2 4637
4 499
4 7561
0 2595
3 9124
6 1731
7 2763
8 5333
9 2846
0 241
5 4838
0 2644
1 3768
3 4492
9 1579
2 1339
6 1945
7 3766
8 1119
1 9573
4 2532
5 5265
9 9412
2 6218
5 4123
6 7624
0 1367
7 5924
9 3358
2 2504
3 2060
3 1881
5 3839
8 9759
1 1396
0 3711
6 6241
7 4083
3 9433
5 2631
4 5454
9 5330
8 6306
9 5298
2 4210
8 8659
9 6254
2 645
0 8541
6 6632
8 8516
3 5168
5 9802
7 502
3 1900
1 7386
7 6924
9 6175
4 2044
5 8869
0 5805
2 2754
1 4352
3 8553
7 6404
4 3525
9 9643
5 4242
6 155
8 6720
1 5859
0 4856
2 304
0 8542
0 6595
3 6203
7 9097
2 5216
4 8973
9 970
0 7501
5 5923
0 4380
7 2221
3 5898
0 7544
3 259
3 777
6 945
2 3675
8 844
3 9415
1 1988
7 2140
0 1298
2 2664
0 7310
2 2136
3 6058
4 18
9 5613
0 5722
4 2576
5 4454
6 7933
8 3585
1 3444
3 5433
6 5913
9 5553
7 1765
8 766
8 3710
4 7514
5 2323
8 5745
2 3131
4 6377
0 7668
3 6005
5 5732
6 2331
8 1814
5 991
2 3991
5 7540
9 4491
6 8831
7 297
1 2080
4 2115
5 2986
2 779
4 1061
5 6615
7 3906
1 5358
6 3382
9 3571
0 7536
3 651
5 3877
2 8107
4 9823
8 2313
7 8461
9 8604
1 1548
6 8599
5 9762
0 194
2 6900
3 4606
2 1216
3 4908
3 9410
2 669
8 6714
3 5445
4 8852
1 5195
3 9333
1 9429
2 9858
3 2514
4 8768
7 1592
8 4312
9 1719
3 8643
6 6874
1 2713
2 6157
4 9678
5 3508
1 7726
2 5166
4 7660
5 5992
0 8016
9 788
3 914
7 6890
8 7926
2 5111
6 3329
3 9930
4 7574
9 4150
1 9595
2 538
0 1251
5 5586
3 6234
9 9806
8 6729
2 4602
0 1585
5 2429
7 1599
6 5213
