0 3378
1 7142
2 54
3 6371
4 8241
5 3035
6 6290
7 9954
8 7775
9 790
0 367
1 4638
2 9248
3 7871
4 1928
5 3350
6 8676
7 6828
8 3034
9 2162
0 1202
1 7208
2 5034
3 7413
4 7702
5 8833
6 3040
7 721
8 6057
9 65
0 982
1 6430
2 1862
3 4993
4 9622
5 1790
6 2981
7 8007
8 7833
9 4160
0 9075
1 9853
2 3067
3 8276
4 5567
5 8970
6 2488
7 8779
8 8032
9 5802
0 8514
1 7194
2 2874
3 6095
4 9257
5 3828
6 560
7 4062
8 4288
9 8512
0 2239
1 984
2 56
3 6442
4 8136
5 5465
6 6141
7 2990
8 8794
9 4785
0 373
1 6480
2 9772
3 2718
4 5657
5 8868
6 7682
7 2023
8 4306
9 9729
0 1266
1 2497
2 2583
3 6945
4 183
5 2098
6 306
7 7482
8 7523
9 8431
0 4792
1 5395
2 4372
3 1289
4 1958
5 4361
6 5051
7 9400
8 6131
9 2899
0 7411
1 9488
2 1207
3 1315
4 8447
5 6407
6 6582
7 4019
8 5751
9 2177
0 8953
1 800
2 8527
3 7264
4 4257
5 1612
6 5814
7 8463
8 2916
9 9969
0 7285
1 7465
2 8152
3 420
4 8064
5 6227
6 613
7 6889
8 6836
9 3955
0 3141
1 5678
2 1215
3 6419
4 7227
5 2556
6 4236
7 6799
8 886
9 6812
0 4860
1 283
2 6096
3 2686
4 9278
5 2186
6 8536
7 1024
8 1160
9 9446
0 4928
1 7840
2 661
3 6379
4 4520
5 4551
6 4829
7 8621
8 9203
9 1439
0 2219
1 5803
2 6337
3 6283
4 7454
5 4979
6 1768
7 4221
8 6011
9 1536
0 1407
1 3428
2 1737
3 70
4 4873
5 3548
6 6790
7 2696
8 4712
9 8743
0 8909
1 2924
2 5917
3 307
4 4935
5 1278
6 1320
7 7399
8 9603
9 2957
0 4965
1 237
2 8765
3 6156
4 3591
5 957
6 339
7 2139
8 5615
9 6571
0 9559
1 3769
2 1386
3 4016
4 4042
5 5538
6 6542
7 260
8 4402
9 4757
0 7664
1 4761
2 8491
3 7657
4 1860
5 4533
6 6382
7 9035
8 9495
9 4307
0 641
1 6415
2 4157
3 3302
4 1319
5 4902
6 3943
7 6325
8 5817
9 9100
0 9171
1 1749
2 2074
3 2632
4 7388
5 1931
6 5808
7 7698
8 5518
9 4121
0 4486
1 1873
2 2715
3 4715
4 6056
5 6685
6 459
7 5243
8 6928
9 2388
0 3171
1 1628
2 2256
3 9261
4 9673
5 3181
6 9705
7 4014
8 5619
9 9828
0 3797
1 3295
2 8878
3 658
4 1194
5 985
6 2880
7 758
8 3112
9 2235
0 1444
1 4627
2 2392
3 1156
4 2895
5 8972
6 2159
7 8045
8 19
9 2460
0 8773
1 2135
2 6657
3 539
4 7218
5 1155
6 1469
7 2137
8 952
9 6041
0 8578
1 4687
2 6394
3 9613
4 446
5 4217
6 8899
7 637
8 5346
9 8572
0 9342
1 6506
2 333
3 7237
4 8722
5 1584
6 6027
7 3403
8 3685
9 4915
0 8528
1 5874
2 1101
3 8175
4 9579
5 4782
6 4972
7 4082
8 8363
9 4821
0 1764
1 5089
2 5356
3 9582
4 8574
5 5258
6 8866
7 2801
8 9273
9 7910
0 7737
1 8171
2 1533
3 3800
4 5620
5 4499
6 369
7 5048
8 4251
9 5134
0 7842
1 7353
2 9244
3 6314
4 5331
5 7152
6 8581
7 2092
8 4285
9 4784
0 5423
1 6681
2 9072
3 9791
4 2320
5 4400
6 7723
7 7935
8 2152
9 9812
0 1758
1 3497
2 4134
3 5017
4 2351
5 4396
6 7625
7 2945
8 3851
9 9155
0 7758
1 4034
2 6870
3 536
4 9876
5 5487
6 6849
7 8140
8 7825
9 5741
0 2919
1 5612
2 6068
3 1046
4 4647
5 2295
6 7429
7 1804
8 281
9 9859
0 1423
1 1771
2 2570
3 4744
4 191
5 3836
6 5304
7 1893
8 5324
9 8036
0 7800
1 8011
2 4117
3 5574
4 9302
5 3833
6 5300
7 1981
8 8561
9 4275
0 8867
1 7104
2 8074
3 4779
4 5065
5 7486
6 3229
7 4078
8 2842
9 9726
0 7409
1 1672
2 4132
3 8029
4 1964
5 3945
6 2131
7 2585
8 4114
9 9710
0 3405
1 8951
2 1239
3 7350
4 4007
5 2996
6 6887
7 6014
8 628
9 3085
0 3402
1 9285
2 7599
3 7893
4 8197
5 7425
6 7266
7 2606
8 4283
9 7387
0 2659
1 3128
2 5951
3 1500
4 1902
5 2734
6 8042
7 4189
8 7495
9 3789
0 904
1 9604
2 2812
3 9502
4 5250
5 9995
6 231
7 5179
8 8344
9 3254
0 995
1 7365
2 1331
3 4256
4 4187
5 5319
6 60
7 2995
8 569
9 3792
0 7807
1 1379
2 3362
3 414
4 1478
5 3891
6 8888
7 328
8 8896
9 9955
0 7477
1 8594
2 99
3 4455
4 5701
5 8261
6 1639
7 5202
8 5138
9 299
0 7242
1 7868
2 7043
3 9768
4 2416
5 9536
6 836
7 6417
8 7343
9 4830
0 5810
1 1550
2 3778
3 8411
4 9114
5 5644
6 1162
7 1226
8 4305
9 4311
0 5607
1 4660
2 7071
3 7832
4 7522
5 921
6 3873
7 87
8 2253
9 8784
0 5041
1 7289
2 9832
3 7276
4 8
5 9780
6 206
7 1380
8 3491
9 7901
0 282
1 344
2 3957
3 6670
4 6251
5 9233
6 219
7 4180
8 5254
9 5774
0 5070
1 1327
2 3180
3 7896
4 4399
5 5201
6 9353
7 2217
8 9125
9 4954
0 6003
1 8397
2 3098
3 7417
4 1574
5 5706
6 5451
7 6529
8 3411
9 8139
0 9450
1 4017
2 8283
3 9836
4 1843
5 5920
6 7000
7 3530
8 3925
9 3294
0 9751
1 225
2 4418
3 9621
4 4033
5 2802
6 8841
7 399
8 6307
9 6289
0 3929
1 208
2 2353
3 3276
4 3
5 4425
6 3438
7 5101
8 9106
9 8302
0 2406
1 3303
2 7765
3 2531
4 942
5 5886
6 6733
7 7593
8 9756
9 7945
0 6036
1 5345
2 8159
3 5911
4 2554
5 5492
6 6944
7 32
8 2960
9 3234
0 4039
1 620
2 3452
3 7748
4 7930
5 1052
6 1986
7 3747
8 8908
9 6858
0 7548
1 3536
2 5565
3 616
4 3612
5 6256
6 8705
7 7670
8 2
9 7811
0 151
1 7580
2 2938
3 8921
4 7299
5 9963
6 5159
7 7971
8 9054
9 8735
0 9217
1 2212
2 1157
3 9657
4 1008
5 2838
6 6769
7 9281
8 2634
9 6838
0 8135
1 4368
2 2538
3 3951
4 8222
5 4346
6 7338
7 8499
8 7498
9 6840
0 8815
1 3522
2 1769
3 9546
4 2312
5 8744
6 4359
7 1887
8 3337
9 3415
0 3997
1 7846
2 8930
3 9195
4 422
5 8182
6 9980
7 2489
8 1340
9 3487
0 3910
1 524
2 169
3 7488
4 1913
5 8571
6 207
7 9221
8 3398
9 2048
0 4122
1 4794
2 9227
3 6190
4 1837
5 2831
6 7860
7 8916
8 1707
9 4227
0 1013
1 2077
2 40
3 4980
4 1966
5 3772
6 1153
7 8338
8 2170
9 6940
0 4369
1 5549
2 6869
3 1003
4 6345
5 9700
6 6385
7 9184
8 4974
9 5881
0 7436
1 3071
2 3748
3 5809
4 9117
5 2559
6 8026
7 4555
8 8391
9 9101
0 1547
1 7665
2 2828
3 4139
4 6943
5 288
6 9313
7 5890
8 7410
9 7641
0 1836
1 7328
2 8413
3 461
4 3217
5 8956
6 7817
7 3529
8 3853
9 9040
0 3255
1 2517
2 5147
3 6060
4 3696
5 9641
6 9978
7 5930
8 5558
9 7072
0 7221
1 55
2 2145
3 334
4 6007
5 7349
6 548
7 5291
8 199
9 7997
0 8167
1 1591
2 6202
3 4644
4 1831
5 3758
6 7991
7 924
8 5164
9 8562
0 1465
1 2240
2 1299
3 9382
4 50
5 2226
6 3101
7 9801
8 8467
9 4824
0 7217
1 4046
2 408
3 5185
4 5264
5 4547
6 8631
7 892
8 6960
9 8256
0 8577
1 3207
2 3373
3 5355
4 5140
5 6904
6 2007
7 5921
8 1687
9 4775
0 1305
1 3518
2 4232
3 8958
4 5255
5 5639
6 2602
7 5283
8 292
9 8333
0 7879
1 6617
2 2141
3 1189
4 7206
5 5044
6 4723
7 1597
8 6581
9 4665
0 7849
1 8948
2 563
3 8985
4 195
5 802
6 6250
7 2833
8 6821
9 6149
0 7553
1 480
2 8353
3 4342
4 9267
5 4258
6 9296
7 4918
8 8788
9 6738
0 1411
1 2207
2 8924
3 1086
4 9979
5 4783
6 3031
7 48
8 9997
9 3765
0 782
1 838
2 2274
3 4949
4 5608
5 4408
6 7521
7 9741
8 4072
9 7251
0 578
1 1095
2 6514
3 9953
4 4218
5 3023
6 5184
7 9667
8 7017
9 7503
0 7282
1 7715
2 8686
3 7648
4 2767
5 8774
6 997
7 7281
8 8208
9 9665
0 3545
1 4382
2 8850
3 7359
4 2452
5 9402
6 396
7 7969
8 3557
9 862
0 6082
1 2882
2 4327
3 895
4 1951
5 2573
6 1531
7 1534
8 3733
9 8652
0 4872
1 8949
2 6286
3 7852
4 760
5 8746
6 4525
7 9568
8 7427
9 8995
0 6775
1 2937
2 7909
3 9522
4 2340
5 4423
6 547
7 3814
8 4969
9 3014
0 4021
1 4332
2 5276
3 6281
4 9309
5 8348
6 2328
7 3138
8 7863
9 6666
0 433
1 2014
2 3482
3 6235
4 2195
5 4163
6 8421
7 8670
8 647
9 1395
0 1443
1 7710
2 2436
3 4366
4 4374
5 9326
6 6725
7 4688
8 5578
9 5848
0 6570
1 7831
2 8444
3 7457
4 353
5 1726
6 7962
7 2527
8 611
9 4357
0 7371
1 6754
2 3069
3 7785
4 4059
5 512
6 1954
7 6101
8 8137
9 1709
0 5015
1 2837
2 9648
3 8807
4 9794
5 4067
6 1004
7 2804
8 8320
9 9992
0 3422
1 4877
2 679
3 8821
4 2306
5 6317
6 4489
7 9282
8 5340
9 7400
0 1935
1 8104
2 229
3 1735
4 78
5 4031
6 8727
7 9289
8 4100
9 9985
0 4990
1 8041
2 8717
3 146
4 1636
5 5210
6 6001
7 9915
8 9576
9 828
0 1578
1 1720
2 5404
3 1414
4 2287
5 8653
6 837
7 5593
8 9240
9 1083
0 2482
1 8088
2 3505
3 1312
4 8641
5 9166
6 3785
7 7370
8 8089
9 8215
0 9645
1 8008
2 4537
3 1217
4 2064
5 4296
6 8931
7 8625
8 8290
9 1371
0 8362
1 9145
2 2369
3 5843
4 6644
5 7129
6 9306
7 75
8 5289
9 8442
0 5660
1 2329
2 4931
3 2404
4 6743
5 7166
6 7296
7 4329
8 8976
9 784
0 3068
1 4351
2 5297
3 5133
4 5347
5 691
6 2775
7 3224
8 5366
9 5697
0 6451
1 2227
2 3239
3 2307
4 5308
5 6913
6 7271
7 8585
8 4689
9 8980
0 8299
1 5904
2 9451
3 2052
4 5275
5 5939
6 6882
7 4209
8 1617
9 4356
0 7760
1 3483
2 9587
3 9639
4 2969
5 3177
6 3441
7 9730
8 4226
9 9845
0 5853
1 7383
2 6094
3 9033
4 7440
5 8847
6 2000
7 1324
8 4742
9 9020
0 5708
1 7721
2 9255
3 9387
4 4240
5 3349
6 4143
7 8596
8 1834
9 8206
0 1209
1 3985
2 9037
3 6381
4 1020
5 519
6 577
7 8699
8 6285
9 4260
0 8671
1 5984
2 2614
3 8010
4 793
5 1884
6 5010
7 9770
8 5702
9 6294
0 5812
1 5649
2 4036
3 7757
4 9715
5 4651
6 3172
7 8266
8 1397
9 5948
0 8525
1 2513
2 5993
3 2994
4 1787
5 3289
6 7542
7 2530
8 3589
9 6274
0 198
1 8665
2 5670
3 5866
4 5132
5 9602
6 1505
7 9262
8 3236
9 7182
0 4129
1 5740
2 6489
3 9599
4 2687
5 7481
6 7996
7 3656
8 2476
9 5820
0 5428
1 8313
2 3015
3 3629
4 9029
5 5253
6 7847
7 5056
8 5568
9 4818
0 1811
1 1980
2 9717
3 9032
4 2321
5 6664
6 5177
7 9070
8 3057
9 163
0 5234
1 9950
2 1418
3 7345
4 2093
5 5161
6 3635
7 5736
8 9390
9 5488
0 7777
1 3393
2 7513
3 831
4 3061
5 1460
6 7638
7 3290
8 9748
9 5227
0 1090
1 7135
2 9276
3 1000
4 5004
5 4069
6 5102
7 9015
8 9518
9 8358
0 2518
1 105
2 3794
3 7159
4 3628
5 1133
6 9293
7 4348
8 9016
9 481
0 3436
1 9222
2 3308
3 8876
4 6501
5 6303
6 9084
7 2264
8 8017
9 3831
0 2501
1 6676
2 757
3 6914
4 3603
5 5997
6 7317
7 4053
8 3186
9 1007
0 9543
1 4040
2 2910
3 1329
4 9147
5 7639
6 6605
7 3676
8 9279
9 6221
0 4445
1 884
2 5311
3 4385
4 148
5 421
6 5455
7 9093
8 4855
9 8569
0 3271
1 3051
2 3414
3 4137
4 5165
5 7875
6 6037
7 28
8 689
9 2953
0 4659
1 5838
2 7998
3 3087
4 9611
5 1969
6 3086
7 7688
8 564
9 8696
0 5403
1 440
2 1738
3 8278
4 8294
5 2425
6 542
7 7573
8 2717
9 7577
0 8004
1 7187
2 3435
3 9675
4 2037
5 9504
6 2561
7 3371
8 5905
9 5947
0 2302
1 6859
2 228
3 5099
4 1039
5 5458
6 2325
7 9607
8 2099
9 492
0 5967
1 8258
2 1775
3 6929
4 1519
5 5009
6 5231
7 7189
8 3264
9 8000
0 824
1 7146
2 9348
3 4088
4 5279
5 4517
6 8530
7 1626
8 2049
9 7716
0 1255
1 7001
2 9349
3 9636
4 8783
5 9
6 3495
7 2764
8 4942
9 2413
0 5318
1 8595
2 8646
3 4436
4 1455
5 5268
6 428
7 4474
8 3822
9 2829
0 6763
1 8863
2 705
3 9857
4 2268
5 6630
6 2265
7 8406
8 9712
9 4483
0 4839
1 525
2 4344
3 380
4 5436
5 1392
6 5024
7 8015
8 7913
9 3328
0 1604
1 9242
2 5337
3 5868
4 365
5 1812
6 7257
7 8607
8 1613
9 4664
0 4169
1 224
2 3336
3 8935
4 3795
5 4421
6 3005
7 5819
8 7450
9 4181
0 3166
1 6258
2 9308
3 9527
4 7510
5 8939
6 80
7 6509
8 8730
9 9528
0 5775
1 5953
2 4317
3 6198
4 9132
5 6603
6 7226
7 516
8 6350
9 6520
0 5554
1 7236
2 9095
3 723
4 2020
5 7851
6 1581
7 7215
8 2511
9 855
0 4522
1 1041
2 1442
3 7617
4 865
5 7766
6 6485
7 1475
8 5858
9 6083
0 7718
1 9596
2 9156
3 4170
4 6400
5 1665
6 2989
7 3125
8 4743
9 1132
0 2868
1 434
2 2993
3 1093
4 4419
5 3790
6 6116
7 9672
8 4861
9 9831
0 3917
1 2289
2 5066
3 6135
4 2653
5 7431
6 9002
7 5714
8 165
9 2267
0 3986
1 8086
2 9634
3 4481
4 7200
5 7102
6 8080
7 3509
8 2759
9 5776
0 6873
1 4773
2 4066
3 4760
4 9830
5 9605
6 1727
7 9023
8 2327
9 4439
0 3162
1 8336
2 4619
3 4766
4 7986
5 3581
6 2132
7 3013
8 72
9 4497
0 5014
1 7644
2 9783
3 9827
4 2877
5 2563
6 5053
7 4231
8 4596
9 9855
0 8725
1 1399
2 9598
3 3579
4 5626
5 7315
6 8971
7 1849
8 4304
9 4392
0 1282
1 7121
2 8503
3 8870
4 9934
5 9593
6 896
7 3338
8 5183
9 2237
0 252
1 4460
2 1099
3 6102
4 8188
5 5912
6 7873
7 10
8 6531
9 4678
0 7301
1 5515
2 2596
3 6361
4 3326
5 5222
6 1565
7 6545
8 8718
9 6863
0 9320
1 3126
2 5388
3 9126
4 3252
5 2672
6 4045
7 5446
8 9912
9 8369
0 2111
1 5591
2 3437
3 3724
4 9052
5 7177
6 7763
7 9786
8 5485
9 7463
0 8267
1 3674
2 2577
3 6936
4 4184
5 3670
6 8232
7 5096
8 5410
9 5969
0 6002
1 9608
2 216
3 7767
4 9669
5 9436
6 6934
7 8051
8 7985
9 9936
0 3498
1 2171
2 639
3 1784
4 1718
5 6356
6 8803
7 5437
8 8435
9 6197
0 4694
1 7771
2 121
3 3541
4 8775
5 8801
6 3250
7 1978
8 1822
9 5427
0 1641
1 4224
2 1398
3 1776
4 1186
5 1545
6 2120
7 4450
8 1476
9 7069
0 8714
1 769
2 8165
3 454
4 2526
5 4592
6 5064
7 6672
8 2478
9 2711
0 7252
1 5870
2 6264
3 1401
4 9301
5 5962
6 9550
7 7150
8 2310
9 6186
0 2575
1 9088
2 9896
3 197
4 5884
5 7768
6 7028
7 1078
8 1330
9 3554
0 4741
1 7313
2 429
3 5284
4 2308
5 5950
6 8372
7 7002
8 5943
9 8380
0 9966
1 8592
2 4559
3 7725
4 8959
5 7823
6 1364
7 4494
8 394
9 6161
0 1430
1 2650
2 1535
3 2823
4 9352
5 5495
6 591
7 4595
8 8557
9 9366
0 2282
1 7293
2 6806
3 1467
4 1970
5 2041
6 2088
7 3297
8 9208
9 1537
0 6837
1 3597
2 6718
3 9067
4 5888
5 2626
6 9690
7 1267
8 4333
9 1918
0 7076
1 311
2 51
3 4110
4 9467
5 3641
6 8720
7 1082
8 9907
9 8844
0 4800
1 5771
2 7183
3 5653
4 9392
5 4719
6 4919
7 3918
8 4645
9 9881
0 3665
1 8825
2 6204
3 9695
4 3896
5 1586
6 1589
7 6080
8 6958
9 8005
0 341
1 1410
2 4044
3 6563
4 3739
5 6331
6 3998
7 1842
8 2298
9 8120
0 6941
1 7196
2 8355
3 4140
4 2318
5 1515
6 8904
7 960
8 8083
9 1700
0 4708
1 9378
2 8945
3 1962
4 8153
5 5079
6 9059
7 9555
8 8096
9 4962
0 4477
1 9674
2 4452
3 993
4 5551
5 2753
6 3450
7 3689
8 3774
9 6113
0 1106
1 5602
2 597
3 2657
4 3638
5 4882
6 2958
7 6210
8 1835
9 383
0 2637
1 3202
2 5214
3 8544
4 2091
5 4795
6 6473
7 3837
8 7089
9 7878
0 528
1 3606
2 7272
3 7372
4 7735
5 9321
6 5415
7 4449
8 7949
9 4814
0 5350
1 6982
2 6813
3 6667
4 251
5 9924
6 565
7 4432
8 4583
9 6834
0 4519
1 9640
2 3270
3 792
4 8305
5 4599
6 7106
7 5144
8 1369
9 5829
0 9174
1 3272
2 8673
3 9223
4 5462
5 9688
6 5295
7 6106
8 8787
9 3749
0 7156
1 3651
2 4501
3 1927
4 1473
5 9869
6 6925
7 9271
8 1675
9 4182
0 6659
1 2555
2 585
3 8820
4 174
5 5499
6 7198
7 12
8 3033
9 6121
0 2118
1 2769
2 5425
3 1783
4 345
5 5524
6 7047
7 7779
8 9185
9 2588
0 9073
1 4229
2 3736
3 2238
4 3251
5 908
6 3911
7 621
8 3493
9 664
0 3357
1 2850
2 352
3 2373
4 3543
5 2254
6 2710
7 2551
8 5916
9 2446
0 5025
1 8677
2 901
3 2419
4 5344
5 5841
6 638
7 4906
8 7395
9 1821
0 4930
1 7994
2 3107
3 9946
4 9220
5 5309
6 5897
7 8579
8 1179
9 561
0 1523
1 4927
2 9628
3 2685
4 2983
5 5456
6 9120
7 8449
8 4802
9 6966
0 909
1 4666
2 242
3 7408
4 1172
5 8310
6 3030
7 9698
8 5076
9 1524
0 3376
1 3365
2 1150
3 9210
4 7740
5 6383
6 2679
7 545
8 6293
9 3489
0 5457
1 692
2 6261
3 6753
4 7245
5 2061
6 1373
7 4842
8 1827
9 2316
0 7025
1 326
2 2564
3 7600
4 324
5 5876
6 4381
7 7957
8 7263
9 5769
0 8789
1 973
2 7467
3 4683
4 7961
5 9274
6 5413
7 4977
8 6804
9 4763
0 7179
1 1989
2 9905
3 3136
4 6831
5 9417
6 7552
7 1385
8 1670
9 3109
0 6523
1 3192
2 5083
3 9246
4 9544
5 3421
6 9529
7 7101
8 2978
9 2089
0 3562
1 7545
2 7755
3 8688
4 4711
5 116
6 5362
7 3313
8 8813
9 9708
0 930
1 7167
2 9977
3 7667
4 9327
5 4705
6 8636
7 7743
8 5357
9 933
0 1680
1 4433
2 8615
3 3135
4 8724
5 4112
6 4192
7 9872
8 7520
9 8628
0 999
1 3312
2 6540
3 6607
4 9888
5 5857
6 7292
7 1509
8 5833
9 9949
0 8848
1 1304
2 4326
3 6160
4 8202
5 124
6 418
7 6466
8 1032
9 4148
0 5835
1 6751
2 3194
3 5220
4 6937
5 8493
6 619
7 4643
8 2643
9 6288
0 8404
1 3048
2 7308
3 9661
4 8531
5 1276
6 4230
7 1576
8 1648
9 3630
0 4049
1 5914
2 1063
3 3625
4 7248
5 7392
6 5705
7 7795
8 6593
9 6614
0 8195
1 5633
2 7464
3 7619
4 7662
5 8687
6 6665
7 7195
8 9498
9 2648
0 9610
1 6803
2 3240
3 5288
4 2977
5 4552
6 5242
7 9914
8 8384
9 9298
0 9494
1 9133
2 8269
3 1572
4 5082
5 2084
6 9483
7 8366
8 8749
9 9153
0 3981
1 6508
2 7380
3 6456
4 6483
5 8872
6 4422
7 3978
8 4682
9 1235
0 5327
1 4756
2 636
3 9642
4 416
5 5642
6 3310
7 8009
8 3427
9 3279
0 8300
1 4430
2 9580
3 5725
4 6308
5 2824
6 6420
7 8663
8 2949
9 6918
0 9537
1 4968
2 3866
3 5055
4 9799
5 9109
6 850
7 543
8 8851
9 627
0 4796
1 3502
2 4027
3 4770
4 9531
5 3979
6 7786
7 9168
8 3611
9 4668
0 7947
1 2985
2 2627
3 7479
4 8316
5 3801
6 4846
7 796
8 3322
9 2655
0 8275
1 4457
2 2148
3 1136
4 2259
5 6707
6 1201
7 3062
8 3788
9 575
0 7826
1 5432
2 6225
3 1634
4 3546
5 3847
6 6975
7 6000
8 598
9 2762
0 6539
1 7246
2 385
3 3206
4 6987
5 20
6 3705
7 3890
8 187
9 2878
0 7366
1 4922
2 6645
3 6368
4 2366
5 868
6 8894
7 8695
8 4673
9 3652
0 6438
1 8802
2 1631
3 1644
4 9731
5 1697
6 2473
7 4051
8 4545
9 5704
0 3003
1 9926
2 7447
3 3094
4 6359
5 734
6 8456
7 6524
8 573
9 941
0 903
1 9043
2 4540
3 6583
4 8650
5 7050
6 3292
7 8861
8 9835
9 7405
0 849
1 9074
2 7900
3 8565
4 5059
5 9927
6 1070
7 2506
8 2680
9 7928
0 3888
1 3604
2 3823
3 4944
4 1693
5 2999
6 2970
7 9275
8 2785
9 7637
0 7651
1 5085
2 7989
3 8928
4 3704
5 1544
6 6187
7 2252
8 5022
9 7733
0 8395
1 1346
2 8329
3 2667
4 2789
5 5374
6 9057
7 3829
8 8430
9 520
0 1673
1 6502
2 5193
3 8492
4 3504
5 3153
6 3288
7 3686
8 7027
9 1231
0 2042
1 5367
2 6349
3 7098
4 9192
5 2055
6 8303
7 5029
8 6852
9 9623
0 3423
1 2107
2 1832
3 1987
4 3081
5 138
6 2590
7 8535
8 6193
9 5564
0 322
1 4050
2 3368
3 9434
4 2229
5 3616
6 3379
7 6376
8 1010
9 5453
0 4671
1 4952
2 7144
3 9752
4 7729
5 7013
6 3745
7 537
8 797
9 5282
0 7160
1 9569
2 1040
3 951
4 4261
5 7143
6 9425
7 3418
8 5332
9 257
0 7720
1 773
2 9904
3 153
4 2810
5 8388
6 2784
7 576
8 6931
9 1351
0 2445
1 7059
2 7415
3 859
4 5408
5 2009
6 4365
7 3781
8 8013
9 82
0 498
1 5447
2 9022
3 2029
4 6408
5 3777
6 6589
7 7820
8 4175
9 9679
0 6541
1 7099
2 485
3 113
4 3805
5 1705
6 2851
7 4628
8 9656
9 179
0 4081
1 3120
2 6287
3 41
4 3935
5 9268
6 7022
7 3477
8 7421
9 8759
0 9922
1 2605
2 9829
3 1824
4 2963
5 9649
6 4738
7 4967
8 9373
9 7377
0 2503
1 3708
2 7567
3 4582
4 1606
5 9399
6 7931
7 8624
8 417
9 8378
0 9259
1 2628
2 736
3 2019
4 5707
5 2640
6 8145
7 3655
8 4888
9 4225
0 7290
1 24
2 4281
3 1632
4 7673
5 8400
6 5665
7 308
8 3300
9 604
0 3339
1 9793
2 5941
3 7604
4 1169
5 6199
6 5531
7 6132
8 6229
9 8975
0 3958
1 5893
2 47
3 8504
4 1307
5 1501
6 5681
7 5825
8 4753
9 8341
0 6332
1 154
2 6517
3 5306
4 6854
5 8253
6 9575
7 3445
8 7992
9 7124
0 8739
1 4324
2 8638
3 7191
4 3872
5 4282
6 7956
7 2520
8 5514
9 7302
0 650
1 6768
2 3083
3 3269
4 5466
5 2975
6 3355
7 4718
8 1102
9 4896
0 6423
1 9090
2 3258
3 3843
4 7054
5 6089
6 7225
7 9974
8 580
9 8817
0 4376
1 1552
2 775
3 3205
4 8812
5 1934
6 5990
7 4387
8 6205
9 3475
0 6567
1 643
2 9200
3 509
4 4135
5 2913
6 453
7 6365
8 2721
9 9956
0 9465
1 7414
2 4663
3 3605
4 400
5 4726
6 6246
7 4273
8 8513
9 607
0 7887
1 464
2 1456
3 1614
4 6189
5 7460
6 8734
7 7475
8 3105
9 6458
0 6976
1 9089
2 5713
3 9618
4 2214
5 1510
6 2622
7 9158
8 3474
9 5575
0 3584
1 2461
2 8243
3 3763
4 5501
5 472
6 646
7 3534
8 8078
9 2704
0 2294
1 4615
2 6142
3 7739
4 789
5 6507
6 3434
7 6674
8 1955
9 5080
0 8510
1 7999
2 690
3 6771
4 931
5 6651
6 2277
7 6772
8 6694
9 7783
0 8702
1 4509
2 2432
3 3555
4 5977
5 4617
6 2922
7 2046
8 9269
9 8864
0 1031
1 3690
2 5638
3 8907
4 6908
5 7161
6 3533
7 6727
8 2409
9 3657
0 6352
1 5435
2 1381
3 3956
4 7557
5 8033
6 3408
7 8810
8 9121
9 9118
0 891
1 9169
2 7034
3 5522
4 8238
5 3720
6 4498
7 2156
8 4910
9 5038
0 5527
1 7754
2 6152
3 6301
4 5109
5 9368
6 3537
7 4294
8 6334
9 9005
0 6783
1 451
2 2347
3 3110
4 2533
5 9193
6 8349
7 4884
8 1517
9 7170
0 483
1 2580
2 4113
3 8154
4 3341
5 185
6 6247
7 3018
8 4901
9 2291
0 2448
1 1057
2 2095
3 6971
4 7312
5 7358
6 6637
7 885
8 716
9 9008
0 9122
1 9910
2 8185
3 458
4 254
5 3463
6 5734
7 6629
8 1877
9 5491
0 7018
1 3157
2 8988
3 1094
4 3016
5 8778
6 7118
7 6698
8 5823
9 8786
0 5504
1 2862
2 2800
3 3682
4 1732
5 6736
6 3354
7 618
8 3211
9 7570
0 5863
1 8508
2 7911
3 271
4 1130
5 5320
6 233
7 9140
8 922
9 1886
0 617
1 7821
2 129
3 74
4 2108
5 7684
6 8022
7 275
8 2893
9 7204
0 1522
1 2394
2 5459
3 7070
4 9740
5 6178
6 4677
7 4570
8 9745
9 1678
0 2545
1 8978
2 7970
3 7728
4 3666
5 5887
6 7517
7 5895
8 7705
9 3492
0 9343
1 1212
2 5277
3 7880
4 8231
5 9288
6 112
7 2974
8 5635
9 1313
0 3903
1 1859
2 8529
3 8416
4 2740
5 2777
6 1570
7 3791
8 3399
9 7756
0 2766
1 7326
2 3209
3 5579
4 3507
5 2164
6 7068
7 4699
8 6765
9 9413
0 6811
1 335
2 1807
3 2720
4 8588
5 357
6 5146
7 4097
8 5401
9 2581
0 8221
1 3865
2 981
3 9840
4 3332
5 8605
6 3830
7 9408
8 9940
9 2547
0 4375
1 4832
2 8649
3 5826
4 670
5 6441
6 2534
7 4907
8 4975
9 7016
0 4892
1 7084
2 8760
3 5047
4 701
5 7442
6 1044
7 5873
8 7690
9 2068
0 8039
1 5800
2 9506
3 4018
4 6216
5 6565
6 8357
7 2658
8 9681
9 5955
0 8537
1 6336
2 1770
3 3259
4 3372
5 2480
6 4837
7 7402
8 1296
9 4900
0 6006
1 7562
2 7437
3 8248
4 1264
5 7963
6 253
7 109
8 2947
9 2322
0 2199
1 1316
2 3001
3 6269
4 2467
5 3610
6 5726
7 5414
8 6631
9 9277
0 1325
1 6270
2 8862
3 3175
4 8642
5 8443
6 266
7 708
8 1973
9 3643
0 4869
1 1159
2 4316
3 265
4 467
5 783
6 2337
7 4878
8 8664
9 8194
0 2992
1 1066
2 1518
3 9844
4 8534
5 3340
6 2250
7 9384
8 350
9 5049
0 5430
1 1869
2 889
3 7258
4 1400
5 8601
6 452
7 3174
8 5211
9 1661
0 3401
1 1861
2 4370
3 8697
4 5643
5 398
6 9406
7 8715
8 7856
9 7603
0 2745
1 8694
2 3922
3 9409
4 558
5 7407
6 3729
7 1754
8 3561
9 4166
0 5233
1 5759
2 3862
3 2908
4 3147
5 4138
6 6519
7 213
8 5535
9 3730
0 2920
1 5764
2 2803
3 3994
4 9344
5 122
6 7037
7 8922
8 9194
9 8967
0 8259
1 8832
2 893
3 3280
4 8507
5 6049
6 98
7 822
8 1621
9 6488
0 2788
1 4108
2 7770
3 864
4 8451
5 9765
6 6588
7 6822
8 439
9 6662
0 3664
1 7381
2 7814
3 5790
4 1879
5 4808
6 4985
7 2490
8 4934
9 9571
0 1279
1 3218
2 449
3 6823
4 6013
5 7332
6 9157
7 6333
8 2591
9 6841
0 6967
1 9873
2 1557
3 3281
4 1708
5 7199
6 9395
7 2178
8 1076
9 1284
0 9984
1 7988
2 878
3 3146
4 4147
5 5381
6 4607
7 5152
8 468
9 8792
0 4061
1 5806
2 5978
3 4054
4 840
5 4727
6 189
7 7052
8 3404
9 4308
0 5416
1 5472
2 9442
3 4955
4 5294
5 9197
6 9374
7 64
8 5787
9 7035
0 57
1 5257
2 8207
3 1538
4 2525
5 6875
6 4171
7 7918
8 8679
9 8992
0 2418
1 4978
2 4011
3 5994
4 704
5 5757
6 8524
7 488
8 1067
9 4076
0 1016
1 5261
2 8756
3 9079
4 9811
5 3049
6 9458
7 955
8 5359
9 4299
0 3432
1 3500
2 4075
3 5743
4 2552
5 1979
6 4124
7 7420
8 6601
9 5519
0 7426
1 5392
2 3389
3 3348
4 5885
5 3185
6 7640
7 8168
8 1250
9 2736
0 3992
1 9381
2 6125
3 4642
4 3076
5 3515
6 5537
7 6734
8 5617
9 566
0 3459
1 3486
2 2557
3 7211
4 2909
5 8521
6 9797
7 3887
8 8700
9 7578
0 7652
1 2345
2 3826
3 2836
4 3608
5 6248
6 2242
7 5756
8 5280
9 8317
0 84
1 1750
2 5807
3 9189
4 574
5 3825
6 7127
7 4314
8 4893
9 4904
0 1875
1 3506
2 2421
3 9553
4 1539
5 7443
6 69
7 2965
8 139
9 2243
0 6942
1 1713
2 5727
3 8245
4 5680
5 9460
6 2586
7 2793
8 3366
9 4702
0 7224
1 3759
2 5121
3 6926
4 9449
5 1055
6 630
7 1741
8 5169
9 2755
0 7526
1 2166
2 5647
3 4289
4 582
5 6739
6 8966
7 3709
8 4526
9 7675
0 1690
1 1073
2 4106
3 3660
4 2524
5 6230
6 2505
7 6585
8 2694
9 9143
0 4899
1 6909
2 244
3 9743
4 9932
5 3499
6 286
7 7378
8 5363
9 8257
0 781
1 1438
2 2509
3 3846
4 8134
5 9524
6 5818
7 3188
8 3948
9 9039
0 4328
1 4798
2 6494
3 2334
4 7772
5 1112
6 4363
7 5573
8 623
9 4933
0 8354
1 6434
2 7103
3 5502
4 2036
5 2423
6 4064
7 8177
8 8610
9 8703
0 370
1 2427
2 7525
3 8498
4 6544
5 3511
6 707
7 1932
8 3455
9 1789
0 9497
1 5
2 943
3 2809
4 1752
5 8084
6 1744
7 5200
8 7141
9 3721
0 4633
1 4618
2 6201
3 6689
4 5135
5 9778
6 5217
7 4646
8 7207
9 8379
0 1663
1 6330
2 1056
3 4438
4 4405
5 4768
6 6039
7 2930
8 7837
9 815
0 5959
1 3971
2 9516
3 1127
4 9943
5 5836
6 2073
7 4390
8 376
9 3100
0 4144
1 9416
2 3692
3 7163
4 2043
5 3116
6 8906
7 4998
8 2562
9 4291
0 4032
1 7719
2 4270
3 4496
4 7912
5 1878
6 3753
7 4280
8 8058
9 6625
0 9651
1 9141
2 7543
3 4857
4 7065
5 8552
6 4394
7 4315
8 9235
9 5753
0 1128
1 3904
2 5016
3 1564
4 2249
5 7240
6 6920
7 9069
8 1462
9 5438
0 4364
1 5562
2 9883
3 4521
4 5750
5 7839
6 9146
7 4631
8 7709
9 3028
0 348
1 5560
2 1394
3 1689
4 3080
5 3726
6 6378
7 8771
8 7422
9 9252
0 2411
1 6343
2 8178
3 2263
4 2330
5 3563
6 1683
7 6767
8 5949
9 289
0 4136
1 6087
2 8620
3 7250
4 5594
5 4309
6 7579
7 3070
8 8057
9 501
0 43
1 5585
2 491
3 123
4 722
5 5946
6 6073
7 8853
8 2589
9 2853
0 6708
1 3047
2 6999
3 8496
4 1651
5 9324
6 9583
7 2609
8 5127
9 7213
0 4960
1 6305
2 3479
3 9028
4 2849
5 1968
6 6745
7 7677
8 4338
9 6363
0 4532
1 9952
2 8912
3 9064
4 7776
5 5742
6 4841
7 1058
8 5266
9 1012
0 1852
1 3552
2 4854
3 6621
4 1248
5 1222
6 6224
7 226
8 3026
9 3860
0 3905
1 4812
2 5529
3 8800
4 1042
5 3966
6 8533
7 9632
8 9624
9 8147
0 4453
1 5891
2 6833
3 4669
4 7433
5 8932
6 77
7 715
8 2063
9 1494
0 7081
1 4441
2 2241
3 2725
4 5296
5 5370
6 6139
7 8684
8 342
9 8110
0 3327
1 5489
2 2671
3 3440
4 4447
5 4804
6 8196
7 2761
8 7968
9 4714
0 5621
1 9414
2 175
3 4228
4 5335
5 2613
6 177
7 1655
8 3719
9 1199
0 5032
1 6867
2 1611
3 6752
4 1432
5 8993
6 1682
7 6118
8 8830
9 9365
0 3927
1 9937
2 7361
3 3227
4 5934
5 4462
6 8216
7 9051
8 1743
9 3331
0 3596
1 2678
2 4331
3 923
4 8410
5 7270
6 9437
7 2820
8 466
9 6454
0 6955
1 272
2 117
3 9287
4 8407
5 4471
6 7588
7 1321
8 3707
9 2901
0 5087
1 7096
2 7713
3 1725
4 4528
5 6124
6 1345
7 5761
8 799
9 6527
0 351
1 5351
2 7707
3 771
4 5546
5 8072
6 1876
7 2070
8 9761
9 5215
0 4939
1 916
2 4867
3 6084
4 894
5 6649
6 8365
7 7504
8 8738
9 5190
0 5421
1 562
2 7175
3 1450
4 5490
5 2747
6 8991
7 3235
8 746
9 6719
0 1997
1 8619
2 6344
3 6340
4 4012
5 7890
6 8637
7 7222
8 6316
9 2101
0 1434
1 7006
2 3510
3 8291
4 5239
5 9562
6 9920
7 5503
8 6018
9 6020
0 7815
1 2151
2 4091
3 7952
4 4733
5 8563
6 767
7 3662
8 5907
9 1131
0 7168
1 6737
2 4799
3 7040
4 7717
5 2059
6 2875
7 3627
8 2825
9 4488
0 5497
1 9383
2 1542
3 2472
4 157
5 3650
6 494
7 4874
8 388
9 9842
0 445
1 4523
2 522
3 4752
4 4971
5 9218
6 6905
7 144
8 2038
9 3430
0 2024
1 7906
2 4201
3 7300
4 2304
5 9188
6 950
7 2454
8 9323
9 1485
0 3782
1 7188
2 5694
3 7455
4 164
5 220
6 4747
7 3953
8 5717
9 7915
0 186
1 1161
2 2594
3 3335
4 5839
5 9742
6 5960
7 1688
8 2529
9 3232
0 8077
1 7701
2 8133
3 4600
4 2642
5 1640
6 7539
7 4769
8 7589
9 8156
0 727
1 9111
2 5480
3 1702
4 7079
5 947
6 7620
7 2799
8 6395
9 9422
0 8545
1 1492
2 655
3 8997
4 5119
5 5252
6 5584
7 2857
8 6030
9 8523
0 1823
1 7491
2 6185
3 1303
4 3102
5 6396
6 8189
7 5464
8 5636
9 610
0 9556
1 5389
2 4300
3 3257
4 6472
5 1036
6 1310
7 2216
8 4997
9 5305
0 8203
1 8226
2 7494
3 6460
4 1780
5 1622
6 3542
7 2003
8 8252
9 1228
0 6597
1 2124
2 5622
3 6029
4 7333
5 8500
6 7582
7 7178
8 7731
9 7209
0 8021
1 2860
2 3995
3 3453
4 5246
5 6440
6 7799
7 2266
8 8816
9 7704
0 4844
1 5850
2 7706
3 4223
4 4911
5 2083
6 3982
7 8422
8 7294
9 8910
0 5587
1 2281
2 4730
3 6329
4 7038
5 9316
6 5991
7 2578
8 8960
9 6490
0 1124
1 8098
2 609
3 2450
4 7113
5 1808
6 3688
7 6705
8 8809
9 2795
0 9737
1 3464
2 890
3 1017
4 7134
5 4293
6 2153
7 5772
8 7571
9 7966
0 6579
1 4805
2 6903
3 4746
4 5035
5 1274
6 7676
7 386
8 8146
9 9720
0 2062
1 6797
2 7331
3 2826
4 5625
5 5900
6 6320
7 2001
8 510
9 1813
0 1933
1 448
2 989
3 4165
4 3681
5 3156
6 8704
7 5989
8 2303
9 6578
0 6780
1 8324
2 3201
3 1176
4 4465
5 8062
6 9363
7 6827
8 7924
9 9687
0 8228
1 745
2 752
3 4052
4 6897
5 6448
6 9144
7 1357
8 4146
9 4199
0 9916
1 4880
2 6240
3 8119
4 8555
5 6959
6 366
7 4825
8 5452
9 5869
0 3914
1 8647
2 6484
3 89
4 7057
5 6341
6 8445
7 1728
8 3333
9 8582
0 7533
1 3586
2 4921
3 6387
4 6401
5 5942
6 1006
7 8657
8 9541
9 8298
0 9652
1 1268
2 4168
3 3299
4 4778
5 6547
6 161
7 1034
8 5163
9 9421
0 550
1 115
2 6498
3 180
4 1696
5 8914
6 7681
7 2188
8 7085
9 247
0 1081
1 7228
2 1786
3 6844
4 3840
5 4925
6 3671
7 9970
8 6653
9 2182
0 4393
1 4847
2 7674
3 4398
4 819
5 3950
6 8609
7 1901
8 2447
9 6654
0 7547
1 2015
2 1453
3 1270
4 1530
5 7067
6 9911
7 269
8 8018
9 49
0 4541
1 7397
2 128
3 8352
4 9893
5 363
6 3619
7 5112
8 3941
9 8312
0 5813
1 9847
2 1447
3 3053
4 7197
5 551
6 937
7 7169
8 4435
9 6353
0 7020
1 8448
2 9407
3 9438
4 7512
5 3582
6 8163
7 4999
8 7784
9 9838
0 2714
1 9929
2 21
3 160
4 5373
5 9477
6 1333
7 7611
8 8522
9 8845
0 2280
1 4630
2 403
3 336
4 8548
5 6275
6 5229
7 3672
8 5386
9 5547
0 9423
1 209
2 2317
3 5484
4 4010
5 6374
6 9078
7 5194
8 3996
9 2731
0 6608
1 8286
2 3249
3 6839
4 9071
5 5846
6 3244
7 5292
8 7212
9 866
0 4695
1 9013
2 2623
3 6492
4 7747
5 9655
6 7339
7 7484
8 9049
9 3821
0 3898
1 4238
2 7535
3 2183
4 7390
5 8210
6 7261
7 5980
8 5205
9 7824
0 5002
1 2647
2 427
3 7254
4 2271
5 5545
6 1751
7 2398
8 1113
9 2018
0 3519
1 6327
2 118
3 2723
4 5342
5 6868
6 2336
7 3809
8 9457
9 8429
0 5471
1 7334
2 9630
3 1794
4 2458
5 6207
6 5716
7 9017
8 8554
9 7990
0 2939
1 7449
2 2569
3 4831
4 3622
5 4216
6 1583
7 1436
8 1724
9 6628
0 3775
1 4728
2 8465
3 5310
4 3390
5 3706
6 5196
7 6422
8 9047
9 5249
0 6636
1 2749
2 6409
3 7108
4 7812
5 1025
6 5105
7 6818
8 710
9 3725
0 9967
1 2173
2 8082
3 9738
4 193
5 4626
6 2821
7 6479
8 5120
9 6431
0 7153
1 5057
2 9682
3 4573
4 8423
5 377
6 1772
7 6923
8 6148
9 9162
0 8244
1 515
2 7658
3 3334
4 478
5 718
6 3523
7 8144
8 1187
9 7686
0 2126
1 3231
2 9650
3 2293
4 4254
5 406
6 1866
7 4889
8 1595
9 7809
0 5341
1 7965
2 2285
3 5788
4 8332
5 9263
6 4544
7 7696
8 3278
9 3467
0 4604
1 6358
2 268
3 2344
4 3661
5 3043
6 6557
7 8230
8 1782
9 6459
0 6680
1 8485
2 5307
3 9766
4 444
5 1238
6 807
7 1851
8 6151
9 2636
0 4850
1 7093
2 583
3 5533
4 2128
5 5479
6 939
7 8515
8 4780
9 5081
0 9774
1 2125
2 3540
3 3940
4 1018
5 3859
6 3712
7 300
8 5329
9 337
0 221
1 6272
2 419
3 9848
4 3324
5 9098
6 9270
7 3130
8 7531
9 9551
0 949
1 4981
2 6319
3 2399
4 3988
5 7490
6 5007
7 3446
8 1211
9 1792
0 4087
1 8627
2 6318
3 531
4 2314
5 4994
6 6445
7 5749
8 7643
9 8474
0 3243
1 6475
2 7351
3 6673
4 4622
5 8584
6 1059
7 8272
8 1848
9 1590
0 9960
1 1343
2 6273
3 3222
4 6744
5 6792
6 7634
7 6939
8 176
9 6683
0 7532
1 8408
2 6716
3 2719
4 1619
5 5675
6 258
7 2261
8 2449
9 7077
0 8612
1 9164
2 5793
3 1091
4 497
5 3164
6 3488
7 5259
8 9480
9 8186
0 786
1 5221
2 9789
3 9337
4 147
5 8112
6 2402
7 3008
8 8772
9 2748
0 4885
1 7051
2 6748
3 3779
4 666
5 3187
6 3576
7 2932
8 5219
9 2121
0 5735
1 9988
2 8567
3 8124
4 1654
5 929
6 2617
7 2301
8 5973
9 3516
0 1701
1 3538
2 6709
3 8882
4 9822
5 7032
6 3490
7 2705
8 2861
9 9758
0 2027
1 9612
2 4198
3 4006
4 6679
5 4610
6 4781
7 3296
8 2486
9 7627
0 1562
1 9584
2 2907
3 8092
4 5156
5 7412
6 9890
7 270
8 1361
9 9355
0 4246
1 5122
2 936
3 6017
4 8113
5 4937
6 9372
7 635
8 2106
9 3990
0 8692
1 4620
2 5785
3 3145
4 4511
5 173
6 1486
7 5270
8 6226
9 2065
0 8961
1 9481
2 5153
3 8838
4 2959
5 8865
6 6038
7 3819
8 3050
9 3344
0 323
1 7550
2 2521
3 2587
4 3458
5 4264
6 296
7 8675
8 5500
9 6071
0 2887
1 4478
2 7884
3 544
4 8458
5 3425
6 2928
7 8155
8 753
9 6796
0 3984
1 9707
2 719
3 605
4 9401
5 2076
6 6954
7 8690
8 3318
9 5092
0 9601
1 6568
2 9238
3 8942
4 1368
5 8414
6 2005
7 9011
8 1667
9 3835
0 4725
1 2733
2 4406
3 770
4 911
5 4648
6 1723
7 9131
8 6367
9 2085
0 8793
1 4142
2 3838
3 7288
4 741
5 450
6 3807
7 1941
8 6351
9 6411
0 1820
1 8073
2 3757
3 6543
4 7360
5 5712
6 2272
7 8295
8 34
9 7722
0 7613
1 1865
2 4424
3 1882
4 8799
5 9396
6 125
7 8769
8 3099
9 644
0 5662
1 7376
2 8424
3 2619
4 6093
5 6260
6 7745
7 2553
8 4788
9 4858
0 2768
1 3394
2 2566
3 262
4 6267
5 2386
6 7024
7 2087
8 5325
9 4073
0 5460
1 938
2 9190
3 4898
4 6046
5 5238
6 3659
7 7597
8 8322
9 6312
0 2255
1 9340
2 6392
3 8176
4 4211
5 4412
6 589
7 1669
8 4636
9 1149
0 6832
1 9747
2 53
3 3683
4 5525
5 1638
6 1677
7 3894
8 5071
9 3632
0 4404
1 9163
2 3007
3 2174
4 6195
5 2574
6 3713
7 7468
8 5072
9 685
0 2870
1 7193
2 8260
3 1785
4 6671
5 4334
6 7546
7 238
8 7391
9 9260
0 246
1 2459
2 5097
3 5136
4 5287
5 3134
6 4866
7 5149
8 9691
9 4917
0 5434
1 4321
2 6255
3 8796
4 6025
5 7154
6 9644
7 8405
8 8264
9 7389
0 6162
1 4989
2 381
3 3283
4 3658
5 4473
6 2393
7 374
8 1766
9 8479
0 5915
1 6686
2 4237
3 6569
4 7987
5 1630
6 2780
7 2873
8 7064
9 5671
0 2701
1 9788
2 1908
3 841
4 1681
5 4512
6 3568
7 261
8 301
9 9684
0 9819
1 5971
2 4963
3 7398
4 1184
5 8475
6 6171
7 6219
8 9677
9 3460
0 8486
1 3306
2 5494
3 8227
4 7174
5 3384
6 4554
7 7507
8 3558
9 6180
0 1412
1 6146
2 6491
3 9135
4 3063
5 2896
6 5001
7 6266
8 4518
9 5855
0 2223
1 8116
2 6860
3 7278
4 3740
5 13
6 4043
7 8143
8 364
9 7122
0 6059
1 2926
2 1071
3 5473
4 6510
5 6560
6 1074
7 3885
8 7097
9 9499
0 8556
1 9202
2 7048
3 9063
4 8977
5 9861
6 3190
7 6776
8 9776
9 8979
0 1778
1 4262
2 9205
3 1747
4 5123
5 8644
6 5794
7 4584
8 9545
9 7176
0 7844
1 2006
2 3815
3 45
4 798
5 717
6 3916
7 4717
8 7210
9 8106
0 3600
1 4414
2 5699
3 700
4 9431
5 3225
6 2439
7 1629
8 8350
9 698
0 7374
1 2646
2 7678
3 9058
4 4704
5 7774
6 9606
7 3755
8 2770
9 6641
0 8710
1 6211
2 4506
3 9721
4 212
5 7111
6 567
7 9990
8 9225
9 8929
0 4731
1 5244
2 6076
3 8385
4 4503
5 3406
6 3189
7 4909
8 772
9 1925
0 3064
1 7734
2 6722
3 1855
4 5054
5 442
6 1322
7 5811
8 5687
9 7955
0 1363
1 426
2 5937
3 5142
4 2114
5 7944
6 3849
7 4524
8 2813
9 5760
0 6997
1 5588
2 7650
3 2407
4 3976
5 3017
6 5773
7 834
8 8053
9 1983
0 3469
1 214
2 4234
3 8434
4 581
5 9854
6 1543
7 7321
8 5667
9 4415
0 4914
1 7462
2 9031
3 579
4 5724
5 3095
6 3907
7 1306
8 5124
9 5236
0 5770
1 7041
2 8836
3 1502
4 9167
5 8736
6 8131
7 3041
8 8917
9 8055
0 8383
1 2885
2 3544
3 4594
4 1454
5 4340
6 7894
7 8132
8 4448
9 1383
0 4539
1 1233
2 2791
3 1349
4 801
5 6279
6 7908
7 8986
8 5864
9 8387
0 656
1 7960
2 8974
3 9578
4 5075
5 808
6 875
7 5440
8 5906
9 1497
0 4302
1 4440
2 4349
3 6136
4 2797
5 6032
6 7883
7 3039
8 6468
9 2699
0 2707
1 9851
2 6291
3 8660
4 6678
5 9386
6 101
7 2260
8 5248
9 6871
0 9570
1 3531
2 5224
3 9594
4 4298
5 484
6 3949
7 9683
8 7307
9 5139
0 8356
1 1600
2 2976
3 2387
4 5208
5 6668
6 7984
7 9236
8 634
9 680
0 7680
1 8038
2 9025
3 5928
4 2208
5 8603
6 9286
7 1493
8 1487
9 3924
0 7695
1 5030
2 7568
3 9560
4 7500
5 6391
6 8127
7 1332
8 2832
9 504
0 5536
1 7622
2 7626
3 1635
4 7914
5 3386
6 5441
7 7253
8 5467
9 5801
0 2380
1 5754
2 9948
3 6550
4 4721
5 4284
6 9523
7 4571
8 877
9 1314
0 7782
1 6554
2 654
3 8426
4 2818
5 4253
6 4724
7 7489
8 4161
9 6590
0 435
1 1541
2 3609
3 8633
4 5506
5 2507
6 6277
7 7711
8 3277
9 1856
0 7456
1 7995
2 7470
3 1347
4 3375
5 1818
6 2384
7 7975
8 1275
9 9870
0 4152
1 6572
2 8030
3 2487
4 5232
5 8987
6 1549
7 4684
8 3400
9 3938
0 7082
1 25
2 3560
3 4661
4 1403
5 5520
6 3420
7 9116
8 6533
9 1488
0 1365
1 2858
2 5856
3 6103
4 264
5 7335
6 5402
7 7828
8 29
9 79
0 95
1 9346
2 6158
3 8846
4 1288
5 2190
6 4025
7 4786
8 7483
9 9534
0 1440
1 4983
2 2031
3 9734
4 6137
5 7314
6 4749
7 8093
8 5957
9 2382
0 7295
1 280
2 7511
3 5768
4 5021
5 8337
6 6921
7 1740
8 6386
9 3195
0 9547
1 469
2 2381
3 8067
4 4002
5 6304
6 3856
7 401
8 1167
9 527
0 4008
1 4698
2 5654
3 7123
4 4377
5 2541
6 3946
7 2616
8 5463
9 7105
0 5799
1 8427
2 5581
3 7904
4 9066
5 143
6 5188
7 9403
8 3593
9 4650
0 3824
1 5728
2 6022
3 7829
4 3567
5 8198
6 7810
7 4303
8 4562
9 5674
0 2357
1 4531
2 526
3 1272
4 2729
5 7661
6 927
7 4467
8 6072
9 2776
0 4041
1 612
2 2079
3 9479
4 4490
5 7086
6 4325
7 7870
8 8060
9 6756
0 5623
1 9230
2 35
3 4950
4 6133
5 3871
6 1647
7 6253
8 9375
9 234
0 8223
1 1326
2 2652
3 4534
4 1065
5 9448
6 814
7 1910
8 5005
9 9280
0 2728
1 5023
2 7804
3 2522
4 5935
5 1323
6 210
7 4095
8 4203
9 1408
0 2730
1 3238
2 5028
3 6300
4 8065
5 2807
6 7216
7 3818
8 4272
9 1163
0 8573
1 3963
2 8213
3 3079
4 5477
5 5927
6 9664
7 3092
8 8918
9 9798
0 4115
1 6951
2 9362
3 26
4 8014
5 2371
6 8721
7 8200
8 2929
9 3496
0 4569
1 5791
2 9300
3 393
4 966
5 626
6 5729
7 860
8 3623
9 6801
0 1971
1 5094
2 9841
3 6616
4 8331
5 2738
6 810
7 2757
8 9557
9 1291
0 9007
1 9447
2 4244
3 7689
4 8158
5 5974
6 3735
7 2284
8 5375
9 1620
0 5174
1 6168
2 1084
3 4267
4 3073
5 7255
6 2389
7 1318
8 489
9 7202
0 7564
1 4863
2 1038
3 3242
4 3899
5 1355
6 523
7 5379
8 6602
9 4149
0 3861
1 6984
2 4048
3 2972
4 2198
5 4988
6 5964
7 3631
8 9941
9 2275
0 1671
1 703
2 5198
3 9181
4 36
5 358
6 2475
7 2886
8 1567
9 3132
0 2305
1 7007
2 8237
3 4916
4 9860
5 4001
6 1508
7 76
8 4579
9 5093
0 6159
1 4310
2 7023
3 4074
4 5468
5 6895
6 7120
7 7979
8 6724
9 7692
0 2315
1 5036
2 7369
3 8487
4 9176
5 5372
6 8732
7 9232
8 3074
9 9226
0 9453
1 1717
2 6362
3 8240
4 3897
5 1139
6 2168
7 755
8 2184
9 3325
0 5160
1 3559
2 465
3 5985
4 6086
5 9150
6 9686
7 5321
8 5721
9 5596
0 1506
1 8905
2 4354
3 2209
4 9312
5 3512
6 6577
7 8483
8 5559
9 9295
0 8919
1 9771
2 4107
3 6693
4 9128
5 1829
6 2904
7 6164
8 5240
9 7818
0 3799
1 8526
2 9906
3 5012
4 7220
5 1145
6 3764
7 1796
8 1218
9 3220
0 3878
1 9272
2 879
3 6406
4 8681
5 1344
6 9003
7 9350
8 1295
9 8225
0 3640
1 3553
2 9803
3 8854
4 972
5 61
6 726
7 8748
8 861
9 1880
0 3273
1 3811
2 9491
3 7850
4 130
5 4729
6 360
7 1027
8 184
9 145
0 7201
1 677
2 4090
3 9898
4 6486
5 470
6 8873
7 6968
8 3934
9 4235
0 7428
1 1458
2 4407
3 2319
4 4995
5 5060
6 3816
7 570
8 696
9 697
0 4102
1 6730
2 9548
3 7214
4 4826
5 9142
6 1746
7 9338
8 6606
9 33
0 6675
1 8613
2 6759
3 9266
4 5688
5 4614
6 5744
7 3716
8 6063
9 1991
0 378
1 6450
2 7438
3 6970
4 1885
5 2165
6 3746
7 126
8 1733
9 5226
0 2276
1 384
2 5235
3 6634
4 8747
5 1178
6 9215
7 9908
8 6284
9 22
0 1208
1 8432
2 6746
3 9076
4 9459
5 2500
6 5486
7 9962
8 295
9 405
0 7375
1 1957
2 7885
3 7061
4 1602
5 5552
6 7645
7 8419
8 1858
9 2400
0 4427
1 4086
2 7131
3 8509
4 127
5 9825
6 5063
7 5966
8 2462
9 5781
0 3104
1 3268
2 1336
3 9056
4 3246
5 5399
6 9258
7 496
8 6781
9 7788
0 8925
1 1474
2 7946
3 9804
4 7107
5 7898
6 4222
7 5260
8 4466
9 6785
0 475
1 1402
2 4891
3 7492
4 249
5 882
6 8079
7 5852
8 1704
9 3583
0 8334
1 4966
2 7848
3 7
4 1103
5 7318
6 633
7 3152
8 4176
9 243
0 4485
1 5600
2 1516
3 7466
4 9371
5 1193
6 1309
7 4894
8 1260
9 134
0 8763
1 5539
2 2309
3 653
4 7444
5 8740
6 9247
7 4442
8 848
9 9680
0 8540
1 8923
2 2286
3 9335
4 4336
5 8438
6 3970
7 486
8 5218
9 549
0 9792
1 2026
2 2122
3 3787
4 6532
5 8142
6 7781
7 3197
8 9214
9 150
0 2682
1 5018
2 4676
3 6842
4 1463
5 649
6 3760
7 6650
8 6518
9 7238
0 5668
1 6655
2 3184
3 3431
4 4126
5 761
6 3052
7 7905
8 7836
9 8126
0 8130
1 6575
2 4982
3 9590
4 9563
5 3158
6 4092
7 6245
8 4946
9 8933
0 3532
1 5922
2 6238
3 9654
4 3677
5 5508
6 5604
7 321
8 9108
9 3715
0 9151
1 7592
2 7669
3 1566
4 7311
5 7778
6 9785
7 1005
8 1224
9 316
0 5107
1 9711
2 2702
3 5420
4 8634
5 9509
6 1883
7 1437
8 7886
9 8274
0 6782
1 992
2 6549
3 5339
4 9027
5 2822
6 9297
7 9784
8 1546
9 2094
0 8822
1 4469
2 5589
3 136
4 5212
5 4625
6 38
7 8172
8 1050
9 1826
0 7506
1 751
2 4535
3 4667
4 540
5 1906
6 2220
7 4353
8 3868
9 2854
0 2700
1 804
2 2426
3 7727
4 5902
5 1219
6 4672
7 3727
8 9138
9 318
0 7632
1 8201
2 3743
3 9307
4 3077
5 473
6 8840
7 3844
8 8307
9 5469
0 6380
1 6295
2 740
3 1426
4 9092
5 9951
6 1596
7 2927
8 8889
9 2210
0 3387
1 6021
2 7033
3 6701
4 6901
5 2779
6 8892
7 9455
8 120
9 8128
0 6711
1 1014
2 4895
3 5909
4 7063
5 2477
6 6778
7 8396
8 1507
9 8826
0 2273
1 4875
2 4156
3 7231
4 4655
5 3968
6 6907
7 1857
8 5513
9 9419
0 3952
1 2160
2 5711
3 7356
4 203
5 3215
6 4632
7 7394
8 2782
9 2966
0 4133
1 5449
2 7323
3 2415
4 8903
5 287
6 3937
7 6426
8 6004
9 1598
0 8598
1 7269
2 8587
3 9234
4 5719
5 4748
6 8361
7 6397
8 6620
9 5482
0 4903
1 6946
2 6477
3 3723
4 5640
5 1151
6 2635
7 7948
8 872
9 5512
0 4116
1 1425
2 1608
3 1252
4 3751
5 6010
6 8205
7 8632
8 6
9 4852
0 5877
1 8804
2 8898
3 8639
4 3673
5 9902
6 8580
7 7527
8 820
9 6816
0 7472
1 5369
2 3786
3 2940
4 8101
5 9370
6 7478
7 8559
8 3728
9 9795
0 9393
1 8758
2 3114
3 7119
4 4068
5 7379
6 7642
7 9882
8 1214
9 7877
0 2039
1 3374
2 2090
3 1388
4 9357
5 4330
6 7653
7 9821
8 5982
9 6499
0 6697
1 5599
2 8034
3 3267
4 4409
5 5777
6 7075
7 4578
8 5738
9 733
0 8984
1 6179
2 7384
3 2508
4 7610
5 5033
6 2150
7 2368
8 4789
9 8454
0 1898
1 8360
2 6757
3 4248
4 8270
5 1609
6 1938
7 8926
8 63
9 8441
0 1649
1 2457
2 2980
3 5691
4 534
5 4259
6 4350
7 5378
8 4446
9 1760
0 3241
1 7958
2 4976
3 7838
4 8281
5 8255
6 2086
7 9472
8 1173
9 1273
0 4574
1 4621
2 1582
3 9998
4 4563
5 8012
6 1023
7 6787
8 9787
9 1168
0 9360
1 5840
2 7137
3 7584
4 2973
5 100
6 5968
7 7091
8 7936
9 9839
0 6591
1 9466
2 978
3 4125
4 9646
5 8386
6 2528
7 7699
8 629
9 4959
0 1449
1 361
2 5391
3 9251
4 215
5 31
6 846
7 3143
8 8094
9 1271
0 4279
1 298
2 4401
3 1755
4 8297
5 8484
6 835
7 3301
8 3359
9 3693
0 9581
1 6114
2 9397
3 9036
4 5230
5 4576
6 3679
7 4384
8 4803
9 1686
0 2758
1 1142
2 8558
3 1685
4 4801
5 9670
6 59
7 1799
8 3528
9 1181
0 8668
1 7724
2 9701
3 6070
4 8737
5 3939
6 4956
7 6324
8 1144
9 7291
0 8289
1 657
2 2847
3 4158
4 4286
5 4777
6 9540
7 2881
8 6691
9 8880
0 1930
1 4233
2 4502
3 529
4 3451
5 3565
6 6594
7 8874
8 5322
9 7752
0 7801
1 3920
2 8766
3 6252
4 4313
5 8835
6 3056
7 6111
8 7876
9 8392
0 9517
1 5209
2 3093
3 9615
4 9810
5 648
6 3517
7 8999
8 6770
9 8472
0 5879
1 5572
2 9418
3 1191
4 3884
5 3964
6 6107
7 8346
8 1360
9 3392
0 3456
1 5422
2 1976
3 7110
4 2270
5 5397
6 6917
7 1165
8 2543
9 4178
0 8938
1 4586
2 6735
3 8085
4 871
5 4271
6 7649
7 7943
8 5336
9 6586
0 6610
1 2081
2 5046
3 8459
4 3900
5 7841
6 5683
7 3219
8 6462
9 2361
0 392
1 1645
2 5658
3 6262
4 8318
5 1246
6 3902
7 8367
8 2510
9 4585
0 5996
1 6424
2 1417
3 2816
4 5998
5 9533
6 4609
7 4179
8 9503
9 2349
0 3944
1 8417
2 3841
3 2474
4 397
5 5106
6 762
7 3921
8 7700
9 7834
0 2022
1 624
2 11
3 1774
4 8162
5 9303
6 1615
7 2297
8 3449
9 2485
0 4932
1 9554
2 4987
3 2350
4 5067
5 7056
6 5669
7 4362
8 9852
9 5078
0 744
1 4945
2 518
3 5475
4 8635
5 1844
6 3936
7 7330
8 7355
9 6313
0 7165
1 1512
2 6145
3 742
4 5510
5 9739
6 3588
7 8052
8 1341
9 2794
0 347
1 6646
2 7806
3 1170
4 4318
5 7223
6 9191
7 3867
8 4070
9 6600
0 2438
1 8682
2 1676
3 4593
4 8950
5 8879
6 3419
7 9385
8 6115
9 7009
0 3928
1 2936
2 2113
3 5651
4 5926
5 375
6 436
7 5180
8 1573
9 8043
0 3796
1 1188
2 67
3 2888
4 7094
5 3447
6 7474
7 3980
8 3121
9 9487
0 913
1 944
2 7062
3 4685
4 5516
5 6024
6 5141
7 3810
8 5715
9 9532
0 8482
1 754
2 8915
3 5606
4 2102
5 4111
6 0
7 455
8 4118
9 5629
0 7805
1 9733
2 8339
3 9981
4 8954
5 103
6 774
7 5521
8 2245
9 2746
0 8622
1 9304
2 7609
3 3901
4 6500
5 9972
6 2918
7 9866
8 6511
9 1894
0 3462
1 6721
2 463
3 962
4 7448
5 3226
6 5170
7 2750
8 9874
9 3433
0 81
1 8511
2 794
3 8471
4 7341
5 9175
6 1225
7 1656
8 5918
9 6399
0 3813
1 8808
2 8962
3 5676
4 9432
5 6302
6 6760
7 7117
8 7147
9 6883
0 9085
1 6369
2 1175
3 2550
4 4343
5 9389
6 5842
7 738
8 7855
9 8806
0 3443
1 1033
2 6321
3 1280
4 1691
5 2211
6 7872
7 3804
8 4141
9 9470
0 152
1 5317
2 763
3 3930
4 9722
5 1311
6 3221
7 4879
8 3761
9 4710
0 4565
1 4810
2 6217
3 8393
4 9065
5 2105
6 521
7 9558
8 4635
9 7616
0 1526
1 1742
2 7012
3 7026
4 3737
5 6268
6 8891
7 2852
8 8343
9 7803
0 1695
1 6979
2 7888
3 541
4 2355
5 3442
6 3139
7 5137
8 8212
9 4204
0 5068
1 4890
2 1256
3 5011
4 236
5 6704
6 6973
7 9600
8 8731
9 4707
0 6648
1 7606
2 5225
3 6019
4 6965
5 8706
6 3266
7 4605
8 1698
9 9713
0 9454
1 9196
2 1503
3 7559
4 1220
5 9291
6 9808
7 748
8 5197
9 8946
0 2053
1 9112
2 5983
3 9716
4 6315
5 1118
6 1079
7 7693
8 5444
9 5199
0 8048
1 310
2 5933
3 7060
4 5115
5 8460
6 823
7 201
8 1896
9 3036
0 8415
1 853
2 4371
3 6439
4 232
5 3694
6 493
7 9445
8 9538
9 9060
0 4613
1 6669
2 6213
3 2365
4 5299
5 9490
6 1729
7 2206
8 5039
9 2129
0 3380
1 5541
2 1890
3 2341
4 5903
5 5293
6 4459
7 9718
8 1975
9 3717
0 8989
1 1409
2 9310
3 1817
4 4038
5 5844
6 3165
7 9254
8 4590
9 7287
0 2112
1 4119
2 6949
3 9426
4 2352
5 8468
6 2941
7 382
8 1245
9 3193
0 2675
1 2045
2 7656
3 4096
4 2342
5 4202
6 5286
7 6465
8 6050
9 8046
0 3983
1 8304
2 3395
3 6948
4 9875
5 9942
6 956
7 7083
8 1429
9 8890
0 3111
1 5352
2 7325
3 5431
4 6584
5 411
6 4624
7 4912
8 2542
9 5511
0 6663
1 6710
2 4546
3 6846
4 3454
5 5439
6 9572
7 6487
8 2066
9 918
0 8455
1 4507
2 5763
3 4
4 9781
5 3037
6 6856
7 1452
8 8161
9 6932
0 8666
1 9123
2 4876
3 9633
4 8254
5 7764
6 3391
7 4456
8 1092
9 3539
0 1195
1 2979
2 6328
3 6512
4 8457
5 4194
6 5273
7 6935
8 1190
9 6700
0 3551
1 5393
2 9243
3 2890
4 8963
5 2233
6 5821
7 8273
8 9530
9 431
0 9899
1 7319
2 8452
3 273
4 5128
5 1491
6 3590
7 968
8 39
9 1210
0 6147
1 9439
2 994
3 586
4 3416
5 7157
6 1795
7 6558
8 4444
9 7923
0 4335
1 5798
2 1088
3 2410
4 2468
5 6598
6 3208
7 3626
8 2695
9 5241
0 8117
1 5550
2 2633
3 4771
4 3702
5 5611
6 8990
7 8827
8 7858
9 407
0 3913
1 9173
2 847
3 1424
4 4973
5 965
6 975
7 3472
8 5204
9 135
0 8940
1 977
2 2760
3 8776
4 9322
5 1471
6 2224
7 5780
8 1185
9 3480
0 514
1 1479
2 2884
3 5963
4 9137
5 4560
6 6977
7 7538
8 2144
9 3010
0 8726
1 2004
2 7793
3 3042
4 6992
5 7524
6 2378
7 3124
8 6326
9 3075
0 3695
1 2187
2 7751
3 842
4 6884
5 7596
6 2348
7 9800
8 1800
9 5493
0 1406
1 6682
2 2013
3 6956
4 8602
5 695
6 5970
7 3170
8 7566
9 7687
0 5944
1 8061
2 8934
3 759
4 2011
5 1290
6 3097
7 702
8 3385
9 6504
0 7423
1 730
2 6128
3 2798
4 8741
5 9753
6 4079
7 8111
8 2639
9 3024
0 1721
1 8160
2 1853
3 3494
4 2257
5 8340
6 7401
7 832
8 8745
9 9328
0 4587
1 9515
2 6296
3 4864
4 6886
5 7130
6 725
7 4591
8 437
9 2078
0 1601
1 556
2 8755
3 5692
4 7618
5 7655
6 7853
7 532
8 1891
9 8095
0 7791
1 9694
2 6896
3 7753
4 4951
5 3732
6 1960
7 217
8 4249
9 8103
0 3122
1 4463
2 4529
3 1961
4 1996
5 4130
6 9525
7 5406
8 7942
9 6079
0 4345
1 3054
2 6638
3 6427
4 5666
5 7362
6 1845
7 7529
8 9755
9 6346
0 42
1 7132
2 3919
3 4185
4 8996
5 6952
6 9964
7 1520
8 4420
9 7435
0 7516
1 9055
2 5175
3 5972
4 9461
5 6647
6 9019
7 7505
8 5247
9 8538
0 6097
1 1353
2 7138
3 424
4 2443
5 6626
6 4809
7 6402
8 2258
9 8532
0 3618
1 6562
2 8576
3 2067
4 6974
5 2455
6 4793
7 7822
8 906
9 2283
0 8301
1 3524
2 7485
3 3179
4 9814
5 4388
6 6962
7 2244
8 5474
9 4319
0 3875
1 5074
2 8667
3 8125
4 3535
5 171
6 4443
7 5390
8 7260
9 599
0 7320
1 4029
2 9201
3 23
4 2356
5 7792
6 315
7 9435
8 5987
9 5861
0 7857
1 9704
2 106
3 608
4 898
5 4862
6 3722
7 4567
8 7232
9 9471
0 2466
1 2621
2 6372
3 4057
4 6184
5 2944
6 4991
7 3287
8 9377
9 4037
0 5114
1 659
2 390
3 3806
4 90
5 7346
6 8823
7 8076
8 8287
9 479
0 4658
1 1072
2 6461
3 7148
4 9315
5 7396
6 2558
7 530
8 4482
9 919
0 9539
1 7560
2 4692
3 7471
4 6012
5 7173
6 9945
7 9094
8 8224
9 4009
0 5988
1 7015
2 1249
3 8314
4 9444
5 5019
6 9026
7 2354
8 2997
9 6866
0 6360
1 1952
2 4287
3 1540
4 2453
5 9456
6 8927
7 5312
8 4701
9 6297
0 1011
1 8965
2 9468
3 6425
4 8100
5 8790
6 5143
7 6573
8 4183
9 8190
0 5360
1 5323
2 5925
3 1234
4 1965
5 2335
6 5171
7 5975
8 5088
9 592
0 795
1 1801
2 1147
3 5828
4 8517
5 2456
6 8121
7 869
8 3155
9 7441
0 9104
1 4071
2 2751
3 3663
4 1587
5 3714
6 2431
7 3780
8 5145
9 5609
0 6232
1 8436
2 8656
3 4996
4 1993
5 7827
6 2232
7 2377
8 8390
9 9204
0 552
1 1140
2 1230
3 1684
4 5290
5 1580
6 8315
7 137
8 1627
9 9212
0 2923
1 227
2 6613
3 778
4 4004
5 6209
6 954
7 6299
8 1846
9 6174
0 3754
1 8109
2 4597
3 6077
4 6388
5 6449
6 1049
7 6809
8 7087
9 6580
0 2572
1 3601
2 4736
3 7243
4 1146
5 5223
6 7304
7 356
8 9505
9 7180
0 1237
1 2548
2 4215
3 8757
4 1413
5 4947
6 5104
7 3065
8 6522
9 4413
0 2246
1 6443
2 2231
3 4085
4 1762
5 4367
6 6028
7 6120
8 6429
9 8364
0 7327
1 8611
2 709
3 2964
4 7978
5 8102
6 2451
7 2665
8 2950
9 9034
0 5172
1 6639
2 7219
3 2100
4 9991
5 5442
6 9334
7 9428
8 7298
9 3233
0 178
1 256
2 8497
3 274
4 3199
5 6298
6 166
7 5507
8 8151
9 8947
0 2203
1 1484
2 5632
3 9099
4 2943
5 9750
6 3932
7 1138
8 1457
9 4320
0 9889
1 606
2 2662
3 6677
4 2324
5 4172
6 1419
7 6016
8 7835
9 7066
0 3889
1 4084
2 5981
3 5113
4 4549
5 6310
6 4030
7 803
8 845
9 7541
0 3230
1 3468
2 5845
3 1021
4 7927
5 9696
6 1152
7 5940
8 4098
9 1905
0 4572
1 7621
2 4514
3 4696
4 6713
5 9586
6 4268
7 9996
8 6065
9 140
0 8968
1 6009
2 6793
3 8191
4 255
5 8473
6 8742
7 9489
8 1788
9 5779
0 6819
1 1243
2 5338
3 7424
4 595
5 8440
6 9294
7 5752
8 6702
9 4000
0 4252
1 1779
2 3648
3 8614
4 9566
5 6109
6 9048
7 1366
8 4208
9 4024
0 5269
1 7730
2 8173
3 2584
4 1422
5 8028
6 4500
7 6176
8 7416
9 9901
0 5592
1 596
2 9469
3 6410
4 7794
5 37
6 9507
7 3624
8 9012
9 6182
0 9198
1 3621
2 4220
3 5162
4 9769
5 5634
6 2496
7 1657
8 6717
9 3547
0 8490
1 7679
2 6829
3 6998
4 8164
5 8617
6 9577
7 7036
8 9496
9 1123
0 2442
1 5748
2 5278
3 1815
4 349
5 410
6 7554
7 6212
8 1643
9 2651
0 8288
1 1668
2 4797
3 8505
4 9709
5 8091
6 2147
7 1658
8 1921
9 7039
0 3699
1 230
2 948
3 9149
4 7277
5 9411
6 447
7 584
8 3038
9 3827
0 9021
1 3142
2 8887
3 415
4 9009
5 1888
6 3793
7 7073
8 2615
9 6826
0 987
1 9087
2 4603
3 6758
4 8219
5 107
6 1068
7 1051
8 8280
9 8418
0 2133
1 471
2 7279
3 1490
4 9892
5 2176
6 8027
7 5517
8 1942
9 4510
0 9331
1 728
2 4755
3 1328
4 3363
5 8849
6 3942
7 3091
8 3646
9 9139
0 2962
1 1558
2 5703
3 6172
4 4505
5 1177
6 7205
7 5979
8 764
9 1285
0 7055
1 9702
2 2374
3 4787
4 6622
5 640
6 5031
7 3321
8 5409
9 714
0 1262
1 2921
2 3304
3 4127
4 1963
5 8750
6 7830
7 389
8 3572
9 5682
0 9961
1 2897
2 3214
3 5710
4 9292
5 5832
6 1129
7 4653
8 5677
9 7981
0 4527
1 5938
2 9129
3 1489
4 1577
5 7932
6 8284
7 1100
8 8002
9 1847
0 3417
1 6339
2 7654
3 2669
4 2536
5 5526
6 9474
7 3407
8 4816
9 5576
0 7973
1 7866
2 833
3 2290
4 3645
5 9567
6 2708
7 2872
8 8859
9 4105
0 8911
1 5189
2 6166
3 6742
4 8003
5 8693
6 8952
7 346
8 6566
9 1618
0 7746
1 330
2 4739
3 9521
4 9837
5 8376
6 2116
7 905
8 8488
9 8519
0 3103
1 9119
2 826
3 9317
4 8123
5 1926
6 1664
7 2395
8 5334
9 9627
0 735
1 9944
2 4174
3 6556
4 6055
5 2230
6 2638
7 6231
8 8753
9 182
0 8075
1 9614
2 9693
3 8235
4 5571
5 1166
6 1294
7 2902
8 6335
9 4269
0 5986
1 1232
2 3520
3 6150
4 2333
5 684
6 6627
7 7446
8 9508
9 6891
0 7845
1 7663
2 2540
3 7934
4 511
5 1085
6 9038
7 9542
8 1504
9 7594
0 2372
1 6309
2 1206
3 3265
4 1164
5 5830
6 7636
7 8025
8 4263
9 8229
0 1015
1 277
2 7576
3 1803
4 4941
5 9159
6 7607
7 3413
8 1995
9 5348
0 9796
1 5315
2 7917
3 897
4 2752
5 291
6 1825
7 6963
8 8118
9 9790
0 5418
1 6144
2 2247
3 8242
4 6412
5 9994
6 7008
7 9744
8 9351
9 1281
0 9820
1 5396
2 6364
3 9380
4 425
5 7316
6 9182
7 6894
8 6467
9 8837
0 3617
1 6779
2 2194
3 2228
4 3285
5 9626
6 625
7 1158
8 9398
9 2032
0 9891
1 5784
2 9724
3 7306
4 6015
5 1495
6 3636
7 9213
8 4301
9 5540
0 3974
1 7247
2 7565
3 1075
4 1137
5 1428
6 1624
7 7305
8 1030
9 6633
0 6728
1 2189
2 7274
3 3961
4 4657
5 1716
6 9001
7 2215
8 1889
9 1482
0 8071
1 8626
2 2516
3 9689
4 9913
5 1035
6 9895
7 678
8 2375
9 5090
0 5098
1 2952
2 4735
3 4479
4 3832
5 4219
6 557
7 5256
8 3461
9 4835
0 4679
1 2948
2 2119
3 3881
4 7897
5 2912
6 1182
7 6515
8 9463
9 996
0 7515
1 6105
2 3293
3 2620
4 559
5 9177
6 7816
7 9376
8 1994
9 843
0 3055
1 6200
2 96
3 9080
4 1916
5 1511
6 8819
7 9723
8 4243
9 4820
0 3424
1 6660
2 4177
3 3261
4 8661
5 6991
6 8097
7 5782
8 3481
9 6338
0 2681
1 7185
2 5285
3 6088
4 3260
5 4323
6 2163
7 162
8 876
9 4870
0 3108
1 4197
2 5952
3 6788
4 2034
5 7581
6 1802
7 2683
8 6861
9 88
0 3448
1 8648
2 652
3 6044
4 3316
5 8777
6 5679
7 413
8 6033
9 6933
0 8138
1 355
2 743
3 7980
4 2035
5 2603
6 6786
7 7697
8 9178
9 3855
0 1982
1 391
2 7267
3 5237
4 8798
5 5476
6 1241
7 3999
8 6052
9 7732
0 9211
1 4751
2 5417
3 8470
4 9045
5 3556
6 3926
7 7430
8 7659
9 7983
0 6143
1 1382
2 6789
3 8969
4 958
5 7451
6 9082
7 3762
8 7813
9 91
0 5523
1 8857
2 6851
3 4992
4 1390
5 1213
6 1839
7 6692
8 1171
9 8719
0 2364
1 601
2 5595
3 3369
4 443
5 2582
6 8712
7 7672
8 8669
9 9868
0 2925
1 4634
2 2292
3 8683
4 2954
5 4640
6 2815
7 8090
8 8805
9 9462
0 915
1 8428
2 432
3 6129
4 8056
5 8169
6 4193
7 6643
8 6561
9 5849
0 8374
1 688
2 2385
3 4662
4 2790
5 66
6 5328
7 9897
8 4255
9 568
0 9103
1 672
2 2855
3 5118
4 2481
5 5429
6 5655
7 6980
8 8791
9 9096
0 2096
1 7916
2 9041
3 9637
4 4940
5 86
6 1679
7 2739
8 6474
9 8070
0 1959
1 320
2 507
3 3133
4 3698
5 4484
6 1317
7 5117
8 594
9 172
0 2871
1 8308
2 4003
3 8618
4 9424
5 2109
6 1922
7 4598
8 3569
9 4530
0 500
1 5570
2 1666
3 3864
4 8711
5 9239
6 5656
7 2158
8 6599
9 313
0 1588
1 9170
2 9989
3 250
4 6405
5 8964
6 9160
7 457
8 9253
9 1990
0 1529
1 362
2 6354
3 8464
4 7329
5 935
6 1944
7 9231
8 9909
9 1867
0 940
1 2773
2 2618
3 3521
4 6099
5 9224
6 85
7 1120
8 5542
9 1568
0 7982
1 5854
2 7095
3 142
4 6421
5 7280
6 1977
7 7802
8 5000
9 687
0 4557
1 9077
2 5889
3 2654
4 711
5 3802
6 8698
7 7629
8 6280
9 5583
0 4986
1 4612
2 3149
3 6347
4 5590
5 8099
6 8811
7 9216
8 8271
9 971
0 8955
1 5385
2 7418
3 5603
4 6163
5 4290
6 3317
7 8180
8 9714
9 1115
0 3137
1 8920
2 9391
3 104
4 3245
5 6800
6 5731
7 2892
8 899
9 2401
0 3412
1 5203
2 9420
3 925
4 7233
5 3812
6 8347
7 3484
8 2946
9 9843
0 9180
1 7283
2 5532
3 1939
4 9290
5 508
6 4961
7 1561
8 2859
9 852
0 7493
1 2560
2 4920
3 7125
4 8183
5 202
6 9345
7 9319
8 4767
9 8394
0 1087
1 3668
2 4145
3 8568
4 1556
5 8292
6 8433
7 7967
8 9364
9 9638
0 2491
1 7469
2 1029
3 4276
4 1174
5 2193
6 119
7 5837
8 2891
9 2196
0 379
1 805
2 2251
3 9443
4 4035
5 6969
6 7382
7 4568
8 2499
9 2565
0 4429
1 7939
2 503
3 3106
4 6953
5 4339
6 6795
7 5155
8 4292
9 7703
0 870
1 5387
2 6259
3 3019
4 3570
5 9919
6 5815
7 8754
8 4548
9 5661
0 2417
1 2856
2 7608
3 998
4 2167
5 3066
6 3607
7 3176
8 1117
9 2437
0 7907
1 9501
2 3377
3 6810
4 9347
5 3969
6 3817
7 3879
8 9918
9 7895
0 6876
1 2040
2 3150
3 4493
4 6978
5 6127
6 9846
7 8680
8 555
9 2726
0 6985
1 4153
2 9478
3 9736
4 2844
5 7864
6 6988
7 2955
8 279
9 2050
0 6640
1 6612
2 9091
3 9361
4 713
5 1662
6 2146
7 1646
8 4833
9 4957
0 1097
1 4675
2 829
3 5077
4 1337
5 5443
6 1633
7 5086
8 2684
9 2743
0 1459
1 2248
2 3009
3 4737
4 293
5 4058
6 5569
7 6794
8 7874
9 7615
0 7347
1 2082
2 2444
3 3691
4 8268
5 6658
6 8373
7 1269
8 6574
9 1499
0 9000
1 6482
2 917
3 222
4 9264
5 5380
6 7614
7 6535
8 8855
9 5316
0 6436
1 8285
2 7155
3 3741
4 5786
5 5976
6 6972
7 68
8 1404
9 6885
0 9987
1 1739
2 4239
3 8839
4 4709
5 3892
6 1872
7 4550
8 6214
9 9024
0 9152
1 4686
2 6452
3 9110
4 7889
5 4732
6 6153
7 4461
8 9824
9 9318
0 4542
1 8035
2 3381
3 7583
4 2494
5 5313
6 7044
7 9044
8 2346
9 9692
0 9813
1 7497
2 920
3 2792
4 5042
5 223
6 6879
7 8296
8 5326
9 6418
0 6915
1 5349
2 4656
3 9983
4 1096
5 9660
6 546
7 1372
8 3642
9 6023
0 9136
1 1712
2 6559
3 8031
4 4929
5 888
6 3874
7 5999
8 6947
9 7164
0 8489
1 8629
2 750
3 7235
4 5882
5 2012
6 6496
7 7021
8 5797
9 9284
0 3647
1 2905
2 9591
3 1043
4 1180
5 2544
6 5883
7 1569
8 4504
9 6495
0 8858
1 9565
2 2866
3 4099
4 3644
5 7090
6 1141
7 5789
8 7109
9 8550
0 1937
1 5685
2 4577
3 7630
4 9862
5 5013
6 6108
7 338
8 6433
9 1350
0 6888
1 880
2 2876
3 3397
4 2383
5 7646
6 1338
7 8321
8 5958
9 6384
0 27
1 3857
2 1080
3 3738
4 4347
5 7092
6 986
7 2863
8 8640
9 3151
0 2600
1 9849
2 1354
3 1710
4 3639
5 3526
6 6548
7 1263
8 2339
9 9592
0 5908
1 2463
2 5424
3 6830
4 2691
5 1972
6 3319
7 4151
8 9367
9 4706
0 506
1 8982
2 2660
3 5281
4 4386
5 9957
6 553
7 2414
8 3006
9 3282
0 8886
1 456
2 4355
3 2191
4 6592
5 1001
6 7796
7 8780
8 5062
9 9219
0 4297
1 9879
2 5271
3 1929
4 8623
5 1258
6 2412
7 7078
8 7859
9 2741
0 2433
1 4205
2 7865
3 3020
4 731
5 4823
6 6008
7 2796
8 9186
9 5496
0 5792
1 8481
2 4923
3 4470
4 9850
5 9014
6 825
7 4013
8 9880
9 7112
0 665
1 6244
2 4383
3 5470
4 8063
5 883
6 319
7 15
8 305
9 4558
0 3011
1 9886
2 7171
3 9597
4 7499
5 5126
6 2157
7 6853
8 4245
9 9856
0 7029
1 6122
2 2737
3 3784
4 4822
5 5795
6 7925
7 6112
8 331
9 1603
0 1605
1 1637
2 8250
3 5027
4 7708
5 6609
6 7974
7 9697
8 412
9 3783
0 8998
1 1028
2 1625
3 2961
4 7337
5 8439
6 1911
7 190
8 5343
9 9925
0 4476
1 9877
2 9339
3 5303
4 5733
5 9482
6 3286
7 7354
8 4639
9 821
0 1062
1 3501
2 2471
3 2579
4 910
5 2016
6 5954
7 8843
8 9777
9 3854
0 6170
1 402
2 699
3 1047
4 8370
5 2030
6 7145
7 1110
8 739
9 4341
0 1277
1 7993
2 2403
3 6183
4 8782
5 8381
6 1022
7 8785
8 4680
9 9314
0 1069
1 5167
2 5251
3 4611
4 1472
5 168
6 3834
7 314
8 9589
9 6493
0 8323
1 2805
2 3960
3 3850
4 1532
5 3700
6 9826
7 1448
8 4063
9 6192
0 6239
1 7496
2 211
3 3947
4 5598
5 4776
6 9187
7 9552
8 1748
9 4200
0 7368
1 8020
2 6516
3 3248
4 1253
5 2942
6 4720
7 6893
8 158
9 3564
0 9283
1 5365
2 5129
3 1301
4 4162
5 8689
6 8893
7 980
8 4984
9 7921
0 8466
1 2155
2 4868
3 7303
4 110
5 6990
6 4897
7 8179
8 5945
9 9514
0 3649
1 8564
2 1828
3 6398
4 7192
5 5368
6 8828
7 809
8 2161
9 6276
0 6902
1 303
2 7352
3 6357
4 6416
5 181
6 1060
7 3127
8 1348
9 309
0 2058
1 9999
2 4834
3 4543
4 8087
5 2464
6 1134
7 4765
8 6843
9 9492
0 2607
1 8877
2 1816
3 2808
4 7789
5 2262
6 1481
7 5505
8 16
9 3117
0 1830
1 4815
2 6899
3 4819
4 9265
5 1464
6 6117
7 6040
8 1706
9 1715
0 6723
1 2867
2 2663
3 8122
4 3669
5 1265
6 1854
7 3212
8 3360
9 8246
0 9894
1 1915
2 3613
3 4212
4 1850
5 8204
6 1480
7 2709
8 5755
9 6066
0 5865
1 5412
2 8476
3 8651
4 4167
5 2692
6 1841
7 2296
8 9388
9 3457
0 8824
1 4475
2 4468
3 5695
4 3908
5 4391
6 4674
7 6342
8 681
9 3470
0 4464
1 816
2 3191
3 3771
4 9513
5 2279
6 1053
7 3773
8 5176
9 1863
0 4378
1 5965
2 7458
3 9903
4 94
5 863
6 8066
7 9625
8 873
9 1421
0 928
1 1104
2 6957
3 9817
4 3311
5 4395
6 9727
7 765
8 6546
9 8311
0 8453
1 5509
2 976
3 3962
4 6688
5 97
6 7364
7 9986
8 4128
9 7439
0 3119
1 7239
2 102
3 5394
4 2898
5 1387
6 7742
7 8543
8 5618
9 9816
0 8293
1 9250
2 8068
3 1223
4 902
5 1555
6 3923
7 1575
8 6031
9 9746
0 1914
1 974
2 4807
3 8781
4 4277
5 5555
6 4758
7 2629
8 2104
9 6927
0 2278
1 3975
2 712
3 2649
4 756
5 9663
6 4649
7 5831
8 5073
9 9757
0 7004
1 3315
2 2408
3 6130
4 8265
5 2787
6 9341
7 7115
8 2869
9 8691
0 9588
1 3169
2 8174
3 2830
4 9939
5 3274
6 3767
7 4575
8 8583
9 1445
0 4360
1 4836
2 603
3 4703
4 6877
5 8044
6 2493
7 1874
8 3314
9 5723
0 3566
1 1763
2 2834
3 5191
4 9330
5 3022
6 3154
7 6165
8 4845
9 7572
0 5577
1 2677
2 5483
3 7268
4 5544
5 9165
6 1470
7 1757
8 6481
9 6761
0 9564
1 932
2 7508
3 2906
4 4120
5 7030
6 2727
7 3089
8 6996
9 6413
0 1077
1 7534
2 5543
3 8319
4 3895
5 7114
6 9161
7 8209
8 4865
9 5650
0 1722
1 5834
2 2756
3 6282
4 248
5 1527
6 2611
7 5267
8 3667
9 6257
0 1287
1 2205
2 2914
3 3882
4 5384
5 9476
6 667
7 6808
8 7445
9 9884
0 983
1 2422
2 5173
3 3598
4 1912
5 5605
6 686
7 4213
8 4827
9 8944
0 572
1 3346
2 2142
3 5556
4 6521
5 9241
6 6726
7 6749
8 9183
9 1048
0 285
1 9512
2 1985
3 874
4 3465
5 3653
6 2839
7 8875
8 4536
9 7819
0 600
1 724
2 6534
3 9172
4 3439
5 9510
6 1121
7 7404
8 5376
9 3989
0 7769
1 8371
2 9050
3 1374
4 5824
5 7241
6 517
7 1416
8 1923
9 9369
0 1002
1 2744
2 6154
3 6188
4 6848
5 5822
6 7003
7 7585
8 9115
9 3886
0 8326
1 9102
2 1903
3 3602
4 8335
5 9061
6 2931
7 4389
8 2222
9 2917
0 3756
1 9379
2 3852
3 1840
4 2033
5 6035
6 1868
7 4924
8 1998
9 9782
0 3342
1 6061
2 2674
3 8148
4 8881
5 9763
6 1907
7 8591
8 6555
9 1791
0 7286
1 290
2 3058
3 8983
4 706
5 4564
6 7116
7 6242
8 1974
9 6414
0 6857
1 6054
2 9807
3 9732
4 7181
5 3353
6 3527
7 5354
8 818
9 3078
0 6173
1 6074
2 6880
3 7598
4 1261
5 7049
6 9154
7 6623
8 2405
9 3025
0 5796
1 5767
2 590
3 3578
4 1899
5 188
6 7881
7 2781
8 6278
9 3113
0 8518
1 4274
2 1227
3 3216
4 3820
5 8192
6 8842
7 1334
8 2376
9 5698
0 8829
1 9735
2 7459
3 934
4 3213
5 1244
6 2469
7 5673
8 9030
9 5689
0 953
1 8251
2 2934
3 1571
4 6892
5 4266
6 7762
7 2987
8 2358
9 3744
0 9629
1 3182
2 6271
3 4403
4 409
5 720
6 7262
7 325
8 8606
9 4155
0 2624
1 4077
2 2025
3 9441
4 6690
5 6773
6 17
7 3426
8 5095
9 7631
0 8239
1 2666
2 4207
3 329
4 4654
5 1300
6 2673
7 7487
8 170
9 2512
0 8678
1 2470
2 1441
3 3633
4 6805
5 2127
6 2072
7 5052
8 9976
9 2200
0 6919
1 9935
2 887
3 8897
4 8054
5 9931
6 317
7 5624
8 8900
9 1461
0 6134
1 7519
2 9440
3 9885
4 2597
5 6922
6 1917
7 7959
8 2370
9 2783
0 1148
1 4964
2 9228
3 9993
4 2608
5 7587
6 7738
7 7951
8 332
9 3383
0 1895
1 4379
2 7140
3 7862
4 4806
5 554
6 4055
7 2546
8 9635
9 8885
0 1356
1 8081
2 7244
3 2988
4 6699
5 8981
6 2539
7 5043
8 6750
9 8751
0 593
1 5181
2 5878
3 6194
4 6764
5 6311
6 284
7 6026
8 1703
9 8024
0 1610
1 1833
2 1809
3 535
4 5867
5 8902
6 4451
7 8593
8 7273
9 1864
0 7476
1 8901
2 768
3 62
4 2688
5 6652
6 967
7 9760
8 2817
9 2338
0 2440
1 7480
2 2772
3 7432
4 6208
5 4811
6 1745
7 2982
8 2420
9 5154
0 1384
1 5816
2 8399
3 1242
4 1431
5 3298
6 8115
7 9485
8 1477
9 2002
0 6906
1 7297
2 3198
3 7575
4 2492
5 3021
6 4060
7 1806
8 3352
9 7761
0 1362
1 8279
2 3002
3 8446
4 2697
5 5108
6 5450
7 3687
8 7558
9 571
0 2568
1 6069
2 7882
3 9083
4 6687
5 5262
6 5686
7 6684
8 1759
9 6872
0 1483
1 6938
2 108
3 1659
4 6528
5 1711
6 7867
7 218
8 857
9 8469
0 9332
1 2690
2 8762
3 4154
4 671
5 7324
6 1283
7 4241
8 1335
9 867
0 7977
1 8501
2 2668
3 1297
4 7344
5 8546
6 3160
7 1892
8 343
9 856
0 2172
1 4214
2 3503
3 2735
4 2778
5 2535
6 3869
7 6825
8 1205
9 6611
0 693
1 3320
2 8547
3 6536
4 8494
5 3210
6 785
7 6696
8 1203
9 4926
0 7509
1 2169
2 4487
3 1838
4 3129
5 3977
6 5116
7 8589
8 3842
9 8328
0 8402
1 830
2 2549
3 3029
4 6085
5 9299
6 5125
7 9923
8 4515
9 2645
0 2689
1 141
2 7518
3 9659
4 5718
5 1767
6 6740
7 3731
8 4278
9 7151
0 8462
1 4623
2 6503
3 6100
4 2269
5 7691
6 8412
7 8797
8 6762
9 1192
0 7750
1 6731
2 4790
3 9229
4 2181
5 6062
6 8586
7 8943
8 4186
9 4754
0 1904
1 3776
2 6196
3 9703
4 3159
5 7461
6 1435
7 1433
8 5929
9 2110
0 5548
1 6263
2 8069
3 3678
4 7088
5 926
6 1236
7 6755
8 6784
9 2656
0 668
1 5110
2 245
3 3262
4 9585
5 5746
6 7714
7 6104
8 3123
9 5684
0 6444
1 5563
2 7256
3 8575
4 5020
5 5186
6 2894
7 9754
8 732
9 2300
0 8325
1 9486
2 3173
3 3858
4 513
5 371
6 6223
7 6428
8 1247
9 2204
0 5739
1 5762
2 3059
3 811
4 8884
5 737
6 7158
7 1694
8 2515
9 3161
0 7892
1 9871
2 4247
3 1089
4 3361
5 6355
6 2786
7 3291
8 2698
9 4953
0 5061
1 6126
2 2840
3 7694
4 1674
5 5610
6 2865
7 3620
8 3634
9 6604
0 9616
1 7045
2 7685
3 675
4 2117
5 2010
6 2706
7 8214
8 4745
9 4938
0 588
1 2123
2 7452
3 4028
4 5663
5 6075
6 7899
7 7265
8 5880
9 6215
0 3203
1 3513
2 4195
3 7940
4 9484
5 1109
6 8600
7 3370
8 8049
9 149
0 8834
1 1037
2 4411
3 6596
4 9062
5 205
6 3168
7 2192
8 4853
9 7976
0 8477
1 3893
2 1009
3 7938
4 240
5 8630
6 6878
7 8149
8 1498
9 8193
0 6228
1 7528
2 9053
3 6989
4 674
5 6390
6 8351
7 3044
8 9356
9 8941
0 6526
1 8654
2 2213
3 1446
4 5530
5 6850
6 7922
7 7080
8 1940
9 9834
0 9917
1 3750
2 5847
3 6741
4 6497
5 5157
6 8551
7 9473
8 5860
9 6525
0 8729
1 1642
2 6513
3 302
4 1302
5 5641
6 111
7 2811
8 2593
9 2197
0 5383
1 9671
2 2676
3 673
4 2724
5 3466
6 8019
7 2483
8 1393
9 3870
0 7635
1 1805
2 6432
3 3004
4 6478
5 622
6 7741
7 7502
8 8342
9 8506
0 5228
1 2360
2 4608
3 9809
4 8141
5 7920
6 9749
7 3577
8 7964
9 3595
0 7042
1 4886
2 9549
3 4410
4 9105
5 2367
6 9520
7 4556
8 5426
9 2599
0 6167
1 8199
2 3305
3 3701
4 2693
5 5008
6 990
7 6553
8 9010
9 7259
0 1950
1 3912
2 6835
3 2130
4 602
5 6048
6 9526
7 9973
8 3032
9 8883
0 1376
1 8037
2 5534
3 3575
4 5100
5 5084
6 5645
7 7647
8 6090
9 1466
0 3351
1 8795
2 8713
3 2835
4 495
5 9965
6 5648
7 7005
8 9519
9 4828
0 5871
1 7683
2 5872
3 6138
4 1949
5 9666
6 3808
7 8502
8 2332
9 1468
0 2883
1 7950
2 4437
3 4641
4 3388
5 192
6 839
7 8437
8 5103
9 2841
0 5274
1 5758
2 6537
3 3012
4 5932
5 7929
6 3993
7 1342
8 3256
9 3082
0 3323
1 6470
2 5652
3 2434
4 2435
5 7919
6 8770
7 9900
8 6807
9 7010
0 4772
1 7336
2 6123
3 7031
4 2180
5 6993
6 4295
7 8114
8 9609
9 5245
0 4970
1 3574
2 3237
3 963
4 9249
5 7340
6 2968
7 1692
8 9971
9 2848
0 9773
1 5382
2 2479
3 4015
4 5528
5 2774
6 6389
7 8047
8 1308
9 2134
0 4840
1 9464
2 7348
3 8166
4 6538
5 2202
6 6732
7 854
8 4791
9 6864
0 5091
1 5419
2 8752
3 9706
4 1240
5 4056
6 7891
7 1909
8 7555
9 8520
0 2537
1 8566
2 632
3 4561
4 6292
5 4397
6 6092
7 4843
8 8957
9 8327
0 9130
1 5919
2 6191
3 6912
4 2179
5 4581
6 5566
7 8059
8 1560
9 9668
0 8398
1 1405
2 1528
3 5151
4 6370
5 1593
6 1736
7 1126
8 1734
9 3615
0 3347
1 663
2 1358
3 2641
4 8728
5 2154
6 3718
7 2103
8 156
9 8937
0 4104
1 827
2 2819
3 8685
4 8377
5 30
6 1496
7 5461
8 1098
9 7046
0 9207
1 477
2 2915
3 9818
4 359
5 9865
6 1525
7 7284
8 5561
9 6119
0 4322
1 4697
2 8040
3 8662
4 9779
5 3845
6 6986
7 4764
8 5353
9 92
0 4508
1 9764
2 2075
3 9653
4 372
5 276
6 490
7 2956
8 6961
9 6619
0 3115
1 7666
2 2814
3 4670
4 6053
5 14
6 900
7 5637
8 6798
9 3367
0 8187
1 8345
2 9617
3 6476
4 83
5 6656
6 6447
7 9878
8 9938
9 2971
0 2732
1 2097
2 6855
3 1753
4 4190
5 5961
6 6206
7 2712
8 5006
9 8282
0 2661
1 2864
2 2567
3 5037
4 5187
5 8539
6 8023
7 7569
8 9574
9 4458
0 4817
1 1897
2 3967
3 9354
4 5804
5 2742
6 3485
7 6064
8 196
9 4691
0 8549
1 1116
2 1810
3 2143
4 5377
5 3471
6 2900
7 7190
8 1730
9 8330
0 3549
1 2984
2 8570
3 2484
4 46
5 8701
6 4629
7 6471
8 3196
9 3742
0 7903
1 2343
2 6249
3 1198
4 9561
5 787
6 2998
7 3343
8 2390
9 3163
0 3954
1 7595
2 4173
3 6624
4 2604
5 3637
6 7385
7 6715
8 4616
9 5182
0 9728
1 7172
2 1653
3 6865
4 8645
5 1183
6 1451
7 8001
8 8277
9 4887
0 9685
1 4871
2 9947
3 2716
4 1292
5 6140
6 6777
7 8450
8 979
9 1221
0 1920
1 9305
2 9719
3 9767
4 1196
5 2670
6 4164
7 6814
8 3933
9 3550
0 9358
1 946
2 4943
3 5263
4 6181
5 7406
6 3045
7 4848
8 6911
9 2495
0 5709
1 8655
2 7149
3 9982
4 460
5 682
6 2519
7 1378
8 1563
9 7941
0 3863
1 8616
2 5720
3 1154
4 5158
5 8368
6 6155
7 4358
8 3972
9 7953
0 4601
1 8814
2 9359
3 4750
4 6916
5 8409
6 58
7 6045
8 3410
9 8403
0 9959
1 642
2 8994
3 4589
4 9329
5 2889
6 5371
7 1650
8 2951
9 3429
0 5901
1 1919
2 6169
3 9815
4 662
5 1948
6 327
7 1352
8 5407
9 8936
0 239
1 487
2 4948
3 5361
4 3580
5 7074
6 71
7 7126
8 114
9 533
0 5894
1 7322
2 9427
3 1111
4 4566
5 9493
6 4958
7 4716
8 7373
9 404
0 791
1 5765
2 6551
3 7363
4 8672
5 6323
6 2598
7 3473
8 7787
9 7808
0 6815
1 2051
2 9256
3 2827
4 8247
5 3345
6 4250
7 7162
8 9535
9 9430
0 52
1 1359
2 2430
3 312
4 969
5 3798
6 6265
7 7759
8 1553
9 4580
0 9081
1 1559
2 1946
3 6661
4 8709
5 2391
6 3478
7 6098
8 1871
9 6994
0 8608
1 2903
2 4093
3 9325
4 8306
5 2843
6 441
7 7590
8 2498
9 729
0 6552
1 4690
2 200
3 2138
4 3770
5 7798
6 4652
7 6847
8 6177
9 7744
0 5478
1 423
2 2396
3 5664
4 3803
5 9975
6 4080
7 1870
8 1105
9 5058
0 3167
1 4513
2 7014
3 1699
4 7797
5 5580
6 5616
7 2806
8 3654
9 5026
0 2502
1 2047
2 2765
3 482
4 4373
5 5448
6 8674
7 235
8 6237
9 3987
0 7403
1 9619
2 8871
3 9658
4 9968
5 8129
6 4109
7 1293
8 6043
9 4740
0 2879
1 5899
2 7623
3 8860
4 2397
5 912
6 6820
7 3088
8 4734
9 7342
0 9086
1 4495
2 7790
3 8420
4 1254
5 9887
6 7249
7 4196
8 5892
9 2054
0 7843
1 2288
2 3046
3 7861
4 749
5 9018
6 2610
7 8590
8 7011
9 4103
0 1391
1 5628
2 5557
3 3573
4 2592
5 2625
6 93
7 9179
8 1286
9 7357
0 4881
1 1660
2 8236
3 1616
4 5314
5 7309
6 5646
7 8723
8 5405
9 6983
0 2612
1 3118
2 9921
3 3247
4 7229
5 4022
6 9042
7 3752
8 4588
9 3909
0 6348
1 4416
2 6469
3 3514
4 7551
5 5040
6 1773
7 2441
8 2428
9 9404
0 2234
1 6453
2 6635
3 9206
4 2379
5 2771
6 9933
7 8218
8 5498
9 7605
0 8105
1 4859
2 2057
3 5364
4 5148
5 4265
6 3204
7 44
8 1389
9 2933
0 2359
1 3703
2 5631
3 6995
4 7019
5 1623
6 3680
7 8818
8 9209
9 5627
0 6862
1 8480
2 1953
3 5672
4 438
5 3684
6 7136
7 6464
8 6642
9 2225
0 8262
1 476
2 3848
3 8150
4 9958
5 4883
6 615
7 1197
8 9620
9 3284
0 2185
1 2465
2 5150
3 7628
4 8157
5 2703
6 7419
7 660
8 1122
9 2008
0 2991
1 8733
2 3144
3 6078
4 3599
5 7712
6 4849
7 6091
8 6034
9 6712
0 8597
1 1521
2 5995
3 2149
4 5131
5 7100
6 5192
7 2071
8 430
9 1943
0 7902
1 2175
2 6981
3 1984
4 6236
5 6587
6 1781
7 2017
8 8761
9 133
0 8425
1 9237
2 8767
3 1259
4 4681
5 1427
6 7230
7 2630
8 8170
9 5582
0 7203
1 1819
2 9867
3 263
4 1064
5 3476
6 7053
7 6435
8 8658
9 2845
0 368
1 7869
2 2362
3 4020
4 5956
5 6067
6 6766
7 3592
8 9833
9 505
0 4337
1 6463
2 3734
3 1777
4 8217
5 6747
6 5400
7 4722
8 167
9 5936
0 5896
1 6446
2 9928
3 7275
4 6233
5 780
6 1125
7 4188
8 1054
9 6373
0 7234
1 8233
2 4936
3 3396
4 9631
5 2571
6 4426
7 4553
8 1107
9 3876
0 4693
1 7633
2 4417
3 5614
4 6791
5 267
6 3880
7 9647
8 9336
9 1797
0 587
1 5931
2 4774
3 2523
4 4428
5 7367
6 6695
7 9148
8 7139
9 4516
0 4431
1 4700
2 1514
3 5045
4 1257
5 1370
6 1377
7 5206
8 3178
9 4094
0 395
1 4759
2 5827
3 7749
4 4005
5 132
6 1554
7 5003
8 964
9 4131
0 6898
1 4026
2 8234
3 3096
4 387
5 3614
6 6930
7 7393
8 1714
9 3140
0 3072
1 3883
2 9699
3 3915
4 1026
5 4472
6 8495
7 1607
8 3931
9 9107
0 881
1 2326
2 1936
3 9068
4 5069
5 2299
6 8707
7 7601
8 9127
9 474
0 2201
1 9511
2 6774
3 4206
4 5398
5 9113
6 694
7 3697
8 1135
9 2935
0 3409
1 5481
2 7954
3 340
4 3200
5 1019
6 1947
7 9199
8 6322
9 7530
0 8478
1 3263
2 9311
3 3228
4 1551
5 8211
6 204
7 7186
8 8856
9 4480
0 6051
1 5301
2 5730
3 1204
4 3356
5 7671
6 6081
7 4101
8 813
9 776
0 1999
1 5783
2 9006
3 4762
4 6375
5 6703
6 3223
7 2911
8 7972
9 2028
0 9864
1 6243
2 2601
3 1114
4 8309
5 7602
6 1375
7 5207
8 9725
9 3183
0 5597
1 858
2 6042
3 5178
4 3253
5 8184
6 5659
7 3148
8 7586
9 3309
0 7563
1 9405
2 4047
3 7058
4 131
5 1793
6 8249
7 9394
8 6802
9 9805
0 6618
1 4813
2 7556
3 7773
4 4434
5 5696
6 6845
7 9134
8 961
9 7937
0 9475
1 2311
2 4065
3 5601
4 7128
5 6706
6 4913
7 7473
8 1045
9 3307
0 6817
1 851
2 3330
3 3364
4 9245
5 1756
6 1415
7 6505
8 6530
9 3959
0 3973
1 631
2 8764
3 6824
4 7184
5 1992
6 5272
7 8389
8 6110
9 4851
0 73
1 1513
2 1108
3 2021
4 988
5 1594
6 7537
7 3000
8 4089
9 5875
0 159
1 5851
2 5747
3 5050
4 6881
5 1956
6 1798
7 354
8 3060
9 5862
0 6437
1 6047
2 1143
3 3084
4 9046
5 294
6 5411
7 6403
8 9004
9 8359
0 812
1 4159
2 8220
3 7736
4 3090
5 2056
6 907
7 8560
8 614
9 3587
0 6455
1 8263
2 2967
3 7453
4 8895
5 6366
6 7591
7 7612
8 8913
9 9500
0 9676
1 5630
2 6393
3 1967
4 1652
5 9775
6 8181
7 9863
8 7549
9 5778
0 5700
1 4023
2 2363
3 4191
4 3594
5 5737
6 6457
7 1420
8 6222
9 8050
0 4713
1 683
2 6910
3 2218
4 5690
5 1924
6 6564
7 9662
8 5910
9 278
0 2236
1 817
2 1200
3 5693
4 676
5 2069
6 6220
7 8375
8 462
9 1229
0 8006
1 3965
2 806
3 8382
4 1761
5 7133
6 7434
7 8708
8 8401
9 6950
0 4905
1 6576
2 6964
3 5130
4 3275
5 4538
6 1
7 8716
8 747
9 2722
0 3027
1 7854
2 8108
3 7780
4 5302
5 959
6 2424
7 5766
8 9452
9 4637
0 499
1 2595
2 7561
3 9124
4 1731
5 2763
6 5333
7 2846
8 241
9 4838
0 2644
1 3768
2 4492
3 1339
4 1579
5 1945
6 3766
7 1119
8 9573
9 2532
0 5265
1 9412
2 6218
3 4123
4 1367
5 5924
6 7624
7 3358
8 2060
9 2504
0 1881
1 3839
2 9759
3 1396
4 3711
5 6241
6 2631
7 4083
8 9433
9 5454
0 5330
1 6306
2 5298
3 4210
4 8659
5 6254
6 645
7 8541
8 6632
9 8516
0 5168
1 9802
2 502
3 1900
4 7386
5 6924
6 2044
7 6175
8 8869
9 5805
0 2754
1 4352
2 6404
3 8553
4 3525
5 9643
6 4242
7 155
8 6720
9 5859
0 4856
1 304
2 8542
3 6595
4 6203
5 9097
6 5216
7 970
8 8973
9 7501
0 4380
1 5923
2 2221
3 5898
4 259
5 777
6 7544
7 945
8 3675
9 844
0 9415
1 1988
2 2140
3 1298
4 2664
5 7310
6 18
7 2136
8 6058
9 5613
0 5722
1 2576
2 4454
3 7933
4 3585
5 3444
6 5433
7 5913
8 1765
9 5553
0 766
1 3710
2 7514
3 2323
4 5745
5 3131
6 6377
7 7668
8 6005
9 5732
0 2331
1 1814
2 991
3 3991
4 7540
5 297
6 4491
7 8831
8 2080
9 2115
0 2986
1 779
2 1061
3 6615
4 3906
5 5358
6 3382
7 3571
8 651
9 3877
0 7536
1 8107
2 2313
3 9823
4 8461
5 8604
6 1548
7 8599
8 9762
9 194
0 6900
1 4606
2 1216
3 4908
4 9410
5 669
6 5445
7 6714
8 5195
9 8852
0 9333
1 2514
2 8768
3 9429
4 9858
5 1592
6 1719
7 4312
8 8643
9 2713
0 6157
1 6874
2 9678
3 3508
4 5166
5 7726
6 7660
7 788
8 5992
9 8016
0 914
1 5111
2 6890
3 7926
4 3329
5 9930
6 7574
7 4150
8 538
9 9595
0 1251
1 5586
2 6234
3 9806
4 4602
5 6729
6 1585
7 2429
8 1599
9 5213
